7 0.2727408859375 0.41740234374999996 0.9524309890625 0.9990234375 0.9986979171874999 0.9990234375 0.9986979171874999 0.9275380859375 0.2727408859375 0.41740234374999996
7 0.7710572921875001 0.6008203125 0.9986888015625001 0.6885263671875 0.9986979171874999 0.6861630859375001 0.9986979171874999 0.64925 0.8503489578125001 0.595357421875 0.7710572921875001 0.6008203125
7 0.00191796875 0.45977539062500006 0.0924934890625 0.369130859375 0.08864453125 0.36963671875 0 0.43660156250000004 0.00191796875 0.45977539062500006
7 0.0005755203125 0.40401757812500005 0.08962890625 0.36646777343750003 0 0.3947021484375 0.00006640625 0.40388671875000004 0.0005755203125 0.40401757812500005
9 0.14647005156249998 0.3854423828125 0.150234375 0.3856416015625 0.1496471359375 0.38017675781250004 0.1465950515625 0.3795517578125 0.1449973953125 0.2653662109375 0.1362317703125 0.2653662109375 0.1387630203125 0.3810556640625 0.1293190109375 0.38418652343750004 0.1293893234375 0.38842578125 0.1469075515625 0.38828515625 0.14647005156249998 0.3854423828125
9 0.1545638015625 0.2938408203125 0.15045182343750002 0.2933798828125 0.1507447921875 0.378328125 0.1586940109375 0.3749013671875 0.1545638015625 0.2938408203125
9 0.2059583328125 0.31587402343750004 0.24347265624999997 0.31765234375 0.24423046875 0.30304296875 0.19793750000000002 0.30236523437499996 0.2017421875 0.32929296875 0.20371875 0.37633203125 0.2113177078125 0.376810546875 0.2113177078125 0.373609375 0.2088385421875 0.373609375 0.2059583328125 0.31587402343750004
9 0.23128255156250002 0.32880761718749996 0.2323424484375 0.375345703125 0.2370859375 0.375455078125 0.2356419265625 0.32890234375 0.23128255156250002 0.32880761718749996
9 0.0041536453125 0.2752109375 0.00011067656249999998 0.2737060546875 0 0.38188671875 0.014070312500000001 0.38166992187500004 0.014070312500000001 0.37789453125 0.00915234375 0.373541015625 0.0041536453125 0.2752109375
9 0.049290364062499994 0.3717392578125 0.0430768234375 0.311091796875 0.0394427078125 0.3116787109375 0.0433385421875 0.3785166015625 0.054265625 0.37596484375 0.0533138015625 0.37135058593750003 0.049290364062499994 0.3717392578125
9 0.0590703125 0.37474609375 0.0665638015625 0.37247753906250003 0.0634075515625 0.3273623046875 0.06038671875 0.3277080078125 0.05936437343749999 0.32828629375 0.0590703125 0.37474609375
4 0.68690234375 0.9873583984375 0.8916875 0.96156640625 0.8988072921875 0.9584404296875 0.22380598906250002 0.37815625 0.68690234375 0.9873583984375
2 0.6277174484375 0.59716796875 0.5907200515625 0.5735625 0.5477708328124999 0.5684267578125 0.49233333281249997 0.5391845703125 0.43635026093749996 0.526310546875 0.9986979171874999 0.9300947265625 0.9982942703125 0.695703125 0.7622981765625 0.59512109375 0.6277174484375 0.59716796875
2 0.0002955734375 0.43558984375 0.08885546875 0.3692451171875 0.0837044265625 0.3696796875 0.0004921875 0.40462109375 0.0002955734375 0.43558984375
10 0.3252486984375 0.45276171875 0.3741067703125 0.47593359375000005 0.4061432296875 0.4841513671875 0.40516536406250003 0.504775390625 0.4557044265625 0.5251142578125 0.5115716140625 0.5498974609375 0.6192851562499999 0.5519921875 0.6296731765625 0.5998701171875 0.9986979171874999 0.5862412109374999 0.9986979171874999 0.18555468749999998 0.9625651046874999 0.1791923828125 0.9825299484375 0.039292968750000004 0.9530885421875 0.04146484375 0.96012109375 0 0.4879856765625 0.0008388671875 0.2890989578125 0.2240517578125 0.24665364531249998 0.26235839843750003 0.24714192656249998 0.2627470703125 0.2390716140625 0.3859228515625 0.2479895828125 0.39697167968749997 0.271734375 0.4186650390625 0.3252486984375 0.45276171875