7 0.49466840312500004 0.8619869796874999 0.42540798593750007 0.77657421875 0.3526892359375 0.68475 0.289800346875 0.6082708328125 0.2391579859375 0.6075781250000001 0.44692881875 0.9266875000000001 0.49421875000000004 0.99793359375 0.6154791671875001 0.9986979171874999 0.49466840312500004 0.8619869796874999
7 0.963203125 0.8328880203125 0.9982638890625 0.8503528640625 0.9982638890625 0.7822447921875 0.87389930625 0.72965625 0.7636510421875 0.6804609375 0.6783402781250001 0.6425169265624999 0.6172500000000001 0.6144153640625001 0.588668403125 0.6011158859375 0.529277778125 0.6028268234375 0.634784721875 0.6613138015625 0.7535017359375 0.7255859375 0.8481041671874999 0.77434375 0.963203125 0.8328880203125
2 0.9982638890625 0.85958984375 0.5282986109375 0.6054622390625 0.2956076390625 0.60810546875 0.6210607640625 0.9986979171874999 0.9982638890625 0.9986979171874999 0.9982638890625 0.85958984375
4 0.4443177078125 0.92520703125 0.238003471875 0.6077552078124999 0.2213142359375 0.6077721359375 0.432050346875 0.9986979171874999 0.4982760421875 0.9986979171874999 0.4443177078125 0.92520703125
4 0.5987703375 0.6003330390625 0.9982638890625 0.7848138015624999 0.9982638890625 0.7663763015625 0.6158541671875 0.5994947921875 0.600139178125 0.5995943359375 0.5987703375 0.6003330390625
10 0.1148854171875 0.47952604218749995 0.1270486109375 0.48081380156250003 0.12828124999999999 0.51790625 0.16128125 0.5182734375 0.16128125 0.5107825515625 0.1773107640625 0.5294934890625 0.215 0.6099205734375001 0.68405381875 0.5979609375 0.67896875 0.5493645828125 0.61628125 0.5263255203125 0.695878471875 0.52658984375 0.73088368125 0.4353385421875 0.7460503468749999 0.4340325515625 0.756699653125 0.41568880156250004 0.7804479171875001 0.41600000000000004 0.7807482640625001 0.36496223906249997 0.7561527781249999 0.3625963546875 0.78344618125 0.1311966140625 0.76066493125 0.1243880203125 0.7713888890625 0.0885026046875 0.78463368125 0.0851510421875 0.78997569375 0.06861328125 0.7713142359375 0.0618151046875 0.7886875 0 0.11585937500000001 0.0024140625 0.10492881875 0.1859388015625 0.09730381875 0.3414049484375 0.10276736093750001 0.4180651046875 0.1148854171875 0.47952604218749995
3 0.099230903125 0.4016796875 0.10323958281250001 0.20739973906250003 0.001092940625 0.19591498125 0.0005659718749999999 0.42010546875 0.061192707812500004 0.41252734375 0.062498264062499996 0.3870013015625 0.0806267359375 0.38884375000000004 0.0865104171875 0.40117578125 0.099230903125 0.4016796875
5 0.0626709 0.3878056984375 0.0602829859375 0.43298567656250003 0.07925347187500001 0.43188411406249994 0.0851614578125 0.40194921875 0.079043403125 0.3868932296875 0.0637291671875 0.38819921874999996 0.0626709 0.3878056984375
7 0.7138020828125 0.5241510421875 0.7009947921874999 0.5258580734375 0.70578993125 0.5306875 0.9982638890625 0.5869947921875001 0.9982638890625 0.56554296875 0.7099131937500001 0.5144869796875 0.7138020828125 0.5241510421875
7 0.7095 0.5024986984375001 0.7105607640625 0.5025963546875001 0.70861805625 0.5014661453125 0.7125833328125 0.5147369796875 0.9982638890625 0.5657317703125 0.9982638890625 0.5548020828125 0.7095 0.5024986984375001
7 0.9982638890625 0.5562968749999999 0.9982638890625 0.5396861984375 0.7099923609375 0.496611265625 0.7062916671874999 0.5037122390625 0.9982638890625 0.5562968749999999
7 0.9982638890625 0.5434361984375 0.9982638890625 0.5285416671875 0.7138611109374999 0.48427734375 0.71396006875 0.4847565109375 0.7082673609375 0.4972994796875 0.9982638890625 0.5434361984375
7 0.7219322921875 0.4681354171875 0.718300346875 0.47457031250000004 0.9982638890625 0.5134817703125 0.9982638890625 0.49945312499999994 0.7219322921875 0.4681354171875