3 0 0.6328125 0.45424088593749995 0.3811028640625 0.8619791671874999 0.24564583281250002 0.9986979171874999 0.3141184890625 0.9986979171874999 0.2694622390625 0.8292408859375 0.1831276046875 0.22805078124999997 0.4078971359375 0.10305078125 0.3141184890625 0.0792408859375 0.32602734375 0.1015625 0.3662174484375 0.0792408859375 0.3781263015625 0.0896575515625 0.47190364531249995 0 0.5150716140625 0 0.6328125
5 0.028796875 0.1267799484375 0.0011523437500000002 0.0910611984375 0 0.1671067703125 0.0184296875 0.24084765625000001 0.01727734375 0.2306588546875 0.05413671875 0.2224127609375 0.0230377609375 0.17401953125 0.0161263015625 0.13484505156249998 0.028796875 0.1267799484375
2 0 0.8410794265625 0.4519661453125 0.38497005156249997 0 0.6325299484375 0 0.8410794265625
2 0.6688203125000001 0.168796875 0.6652578124999999 0.1598880203125 0.43549088593749996 0.2721341140625 0.22820963593750002 0.3998671875 0.42925651093750006 0.3193489578125 0.5753098953125 0.2676796875 0.6688203125000001 0.168796875
6 0.73561328125 0.6979557296875 0.7712369796874999 0.6106536453125 0.7703463546875 0.4618828125 0.6616966140625 0.44406640625 0.6412122390625 0.47524609375000004 0.48091015625000005 0.43549088593749996 0.3482135421875 0.5803645828125 0.46666015625 0.6284700515625 0.73561328125 0.6979557296875
10 0.6370690109375 0.1313515625 0.6428932296875 0.1371783859375 0.64871875 0.14951692656249999 0.6593411453125 0.14951692656249999 0.6610546875 0.1313515625 0.6761302078125 0.1303229171875 0.6696197921875 0.16117057343750002 0.67441796875 0.17488151093749998 0.68161328125 0.17008203125000002 0.6809283859375 0.18756250000000002 0.6946341140625 0.1885911453125 0.7001158859375 0.1707682296875 0.7141640625 0.16768359375 0.9986979171874999 0.2314348953125 0.9986979171874999 0.0614309890625 0.7806380203125001 0.0778828125 0.7837226562499999 0.0593736984375 0.77858203125 0.0518333328125 0.7830364578125 0.0046328125 0.7186184890625 0.007717448437500001 0.7014869796875 0.025540364062499998 0.6997734375 0.062214843750000005 0.6593411453125 0.0581015625 0.6247330734375 0.0848359375 0.60391796875 0.0874609375 0.60143359375 0.1101015625 0.6356979171875 0.1101015625 0.6394674484375 0.1217552078125 0.6370690109375 0.1313515625
5 0.7597369796875 0.017578125 0.7477447921875 0.0278606765625 0.7467161453125 0.0443125 0.7501432296874999 0.0525390625 0.74483203125 0.07546875 0.760421875 0.0775598953125 0.7707018234375 0.05013932343750001 0.7710442703125 0.0196341140625 0.7597369796875 0.017578125
5 0.8800065109374999 0.05596614531250001 0.8817200515625 0.049796875000000004 0.87246875 0.0467122390625 0.8683567703125 0.05596614531250001 0.8584192703125 0.0532239578125 0.8508815109375 0.0556236984375 0.8512239578124999 0.0446549484375 0.8426575515625 0.0477395828125 0.8375182296875 0.0614505203125 0.8268958328125 0.0600794265625 0.8248398437500001 0.0542526046875 0.8118190109375 0.05013932343750001 0.8112200515625 0.0724700515625 0.8803489578124999 0.07036197968749999 0.88583203125 0.0600794265625 0.8800065109374999 0.05596614531250001
5 0.9272916671875 0.05013932343750001 0.9166692703124999 0.05013932343750001 0.9140143234375 0.0664739578125 0.9228372390624999 0.06590625 0.9320885421874999 0.058365885937499994 0.9272916671875 0.05013932343750001
5 0.6021184890625 0.0844140625 0.59423828125 0.0827005203125 0.5935520828125 0.0734466140625 0.5849856765625 0.0741315109375 0.5825872390625 0.08578515625000001 0.5774479171875 0.0953828125 0.58430078125 0.10120963593750001 0.5760768234375 0.1418567703125 0.5980065109375 0.1389114578125 0.5949231765625 0.1142330734375 0.6024609375 0.11183463593750001 0.6021184890625 0.0844140625
5 0.4310520828125 0.1028346359375 0.43482031250000003 0.10009375000000001 0.4283098953125 0.0757578125 0.4204296875 0.0750729171875 0.4187161453125 0.08535546875 0.41323437500000004 0.0747291671875 0.40569531249999996 0.0733580734375 0.4012408859375 0.06101953125 0.3930182296875 0.0634192703125 0.39233203125 0.0750729171875 0.3820533859375 0.0939231765625 0.38753515625 0.1007786453125 0.39473046875 0.09049609374999999 0.3892486984375 0.11243229218749999 0.3930182296875 0.11585937500000001 0.3919895828125 0.12854166718749999 0.4049462640625 0.1523016390625 0.4149466140625 0.148078125 0.41117838593749995 0.1114036453125 0.4217994796875 0.1055768234375 0.42419921875 0.12442838593750001 0.4351627609375 0.1203151046875 0.4310520828125 0.1028346359375
5 0.2755755203125 0.11174609375 0.29133723906250003 0.1251145828125 0.29202213593750004 0.148078125 0.298875 0.1635026046875 0.3112109375 0.1635026046875 0.3201197921875 0.1542473953125 0.33896484375 0.15493359375 0.3214895828125 0.12442838593750001 0.32183203125 0.1024921875 0.313265625 0.0846692703125 0.31018229218750004 0.0706171875 0.2861106765625 0.0746119796875 0.28071484375 0.08261328125 0.27934375 0.10009375000000001 0.2755755203125 0.11174609375
5 0.1453684890625 0.1676145828125 0.14228515625 0.1744700515625 0.14982291718750002 0.1830390625 0.1789479171875 0.1768697921875 0.1611302078125 0.1456796875 0.1659270828125 0.1367669265625 0.14776692656249998 0.11174609375 0.13954296875 0.0918671875 0.1224973953125 0.0878893234375 0.1258372390625 0.12991276093749998 0.1433125 0.14670703125 0.1453684890625 0.1676145828125
5 0.1703815109375 0.12202864531249999 0.17483593749999998 0.1456796875 0.18100390625 0.1758411453125 0.2097864578125 0.17618359374999998 0.1995065109375 0.14122265625 0.2039609375 0.1271705734375 0.2008776046875 0.10592057343750001 0.1854583328125 0.09872265625 0.18100390625 0.0887825515625 0.16746875 0.08874609375 0.1618151046875 0.10660546875000002 0.16010286406250002 0.1210013015625 0.1703815109375 0.12202864531249999
10 0.5065533859375 0.10625390625 0.51459765625 0.10625390625 0.5152161453125 0.11925260468750001 0.58297265625 0.11832421875000002 0.58606640625 0.10161197968749999 0.5780221359375 0.09511328125 0.5826640624999999 0.0833528640625 0.5873046875 0.0759244796875 0.5950390624999999 0.076234375 0.59473046875 0.0821145828125 0.6052486984375001 0.08489973906250001 0.60401171875 0.0895416671875 0.62659765625 0.08489973906250001 0.6337135421875 0.07406770781250001 0.6364973953125 0.0390963546875 0.6321666671874999 0.03569140625 0.6340221359375 0.0127903640625 0.5999895828125 0.00010156250000000001 0.5209401046875 0 0.5210950515625 0.023930989062499998 0.5037682296875 0.0282643234375 0.49974609374999995 0.050546875000000005 0.5065533859375 0.10625390625
7 0 0.5140559890625 0.10109375000000001 0.46759375 0.1004752609375 0.4527395828125 0.08933723906249999 0.45150130156249996 0.09212109375000001 0.44005078124999997 0.0880989578125 0.4344791671875 0.0840768234375 0.42612369843750003 0.0976901046875 0.4258138015625 0.090265625 0.4196236984375 0 0.46480859375000005 0 0.5140559890625
7 0.1224427078125 0.4049505203125 0.1360559890625 0.40587890625 0.1345078125 0.4219713546875 0.1227513015625 0.42228125 0.12213281250000001 0.4269231765625 0.1363645828125 0.42908984375000003 0.1267734375 0.43466015625 0.13079557343749998 0.4575625 0.1877239578125 0.43218489531250004 0.18401171875 0.4241380203125 0.20040885468749997 0.4148541671875 0.1535364578125 0.3817903640625 0.1283203125 0.3925703125 0.1351276046875 0.3959752609375 0.1227513015625 0.40061718749999997 0.1224427078125 0.4049505203125
7 0.5453125 0.2162747390625 0.667359375 0.16040625 0.6670507812500001 0.1492643234375 0.6556028640625 0.1498828125 0.57206640625 0.1839270828125 0.6478684890624999 0.14709765625 0.6438463546875 0.1371940109375 0.6376575515625 0.1356471359375 0.1798346359375 0.37482942656249996 0.21897265625 0.40466406250000003 0.44140234375 0.267796875 0.5453125 0.2162747390625
7 0.4456028640625 0.379921875 0 0.8447252609375001 0.0002447921875 0.9986979171874999 0.54619921875 0.3562473953125 0.4456028640625 0.379921875
7 0.7381302078124999 0.1690208328125 0.7205442703125 0.16608984375 0.6835416671875 0.18844401093750002 0.6296861984375 0.22692447968749999 0.67987890625 0.18514583281250002 0.68317578125 0.17012109375 0.6747486984375 0.1730520828125 0.67071875 0.1693880203125 0.5779375 0.26570442656250004 0.6611940109375001 0.24231640625 0.7326341140625 0.1789166671875 0.7381302078124999 0.1690208328125
4 0.7652408859375 0.1763502609375 0.7377643234375 0.1722825515625 0.6633919265625 0.23938411406250001 0.7319023437500001 0.21886197968749999 0.7652408859375 0.1763502609375
4 0.09373437500000001 0.330609375 0.11205208281250001 0.326578125 0.1237760421875 0.3383059890625 0.3906158859375 0.22286718749999998 0.386953125 0.1990455734375 0 0.36095963593749997 0.0006783859375 0.3987734375 0.10472526093750001 0.3482005203125 0.09373437500000001 0.330609375
4 0.40574739531250004 0.1938059890625 0.40684635468749997 0.21960026093749999 0.5794036453125 0.13751041718749998 0.5816015625000001 0.1188203125 0.40574739531250004 0.1938059890625
7 0 0.36175520781250003 0.3878776046875 0.20029557343749999 0.38567968750000003 0.1856354171875 0 0.3197434890625 0 0.36175520781250003
7 0.5816927078125 0.11689453125 0.5769309890625001 0.1143294265625 0.4039153640625 0.17777734375 0.40437369843750004 0.19275390625 0.5809609375 0.1231236984375 0.5816927078125 0.11689453125
11 0.3831236984375 0.1612369796875 0.38971875 0.2226575515625 0.4080364578125 0.2224388015625 0.40217578125 0.1612369796875 0.3831236984375 0.1612369796875
7 0.0009153640625000001 0.2986770828125 0.3844700515625 0.1746927078125 0.3844700515625 0.16333203125 0 0.27144140625 0.0009153640625000001 0.2986770828125
7 0.40437369843750004 0.1663294265625 0.5463385421875 0.1202903640625 0.5239908859375 0.11882421875 0.39832812500000003 0.1598684890625 0.40437369843750004 0.1663294265625
11 0.23923567656250003 0.1800247390625 0.21871875 0.17892578125 0.20113281249999998 0.1844231765625 0.2088268234375 0.20891796875000002 0.2505924484375 0.20201302031249999 0.24473046874999999 0.1943177078125 0.23923567656250003 0.1800247390625
11 0.2546223953125 0.1562044265625 0.2505924484375 0.1598684890625 0.2560872390625 0.1723294265625 0.2509583328125 0.1730625 0.24876041718750003 0.1730625 0.2582207921875 0.1948903390625 0.28649609374999996 0.1902864578125 0.2788020828125 0.1606015625 0.28210026093749996 0.1576705734375 0.2674453125 0.12322135468749999 0.24656250000000002 0.1261536453125 0.2546223953125 0.1562044265625
4 0.2816979171875 0.9844010421875 0.7262408859375 0.28983984375 0.54255859375 0.36549609375 0 0.9954544265624999 0.2816979171875 0.9844010421875
2 0 0.3233697921875 0.3836940109375 0.1841953125 0.3815364578125 0.17124999999999999 0 0.2980846359375 0 0.3233697921875
2 0.4036822921875 0.1668880203125 0.4039010421875 0.1787369796875 0.5649375 0.12051953124999999 0.5439322921875 0.11876953125 0.4036822921875 0.1668880203125