10 0 0 0.0023330078125000002 0.5383190109375 0.0284609375 0.55087109375 0.0216181640625 0.52846875 0.0788505859375 0.5367656249999999 0.07947265625 0.5533606765625 0.136705078125 0.5641458328125 0.1348388671875 0.5251497390625001 0.2194443359375 0.5351067703125 0.21197851562499997 0.5815703125 0.2449501953125 0.594015625 0.262990234375 0.6213958328125 0.304048828125 0.6255442703125 0.309025390625 0.5989934890625 0.357548828125 0.6266783859375 0.3930087890625 0.6623567703125001 0.4297119140625 0.66982421875 0.457083984375 0.647421875 0.5180498046875 0.6731419265625 0.555375 0.7146276046875 0.6057646484375 0.7179466140625 0.6163408203125 0.70716015625 0.659265625 0.7137981765625 0.6804169921875001 0.6814401046875 0.706388671875 0.6949713546875 0.7648662109375 0.6128307296875 0.7885058593750001 0.6319140625 0.8021914062500001 0.61366015625 0.8034355468750001 0.5813007812500001 0.8109013671874999 0.5671966140625 0.8233427734375001 0.6418697921875001 0.834541015625 0.6576341140624999 0.8544472656250001 0.65099609375 0.8407617187499999 0.6294244796874999 0.830185546875 0.5597291671875 0.8376513671874999 0.55641015625 0.8544472656250001 0.5904283859375 0.8650234375 0.5680260421875001 0.863779296875 0.5414752609375 0.893017578125 0.5149244796875 0.8874189453125 0.47095052031250006 0.863779296875 0.4568763015625 0.8538251953125 0.4261770828125 0.8488486328124999 0.39132942656249997 0.8264531249999999 0.3855208328125 0.80903515625 0.39132942656249997 0.799703125 0.38054296875000004 0.7623779296875 0.37971354218750003 0.7443369140625 0.06019140625 0.8046796875 0.023683593750000002 0.8146337890625001 0.0618502609375 0.8252089843749999 0.056872395312500004 0.81898828125 0.0004518234375 0.7885058593750001 0 0.723185546875 0.0419375 0.723185546875 0.0635104171875 0.7057666015625 0.0618502609375 0.701412109375 0.025343749999999998 0.6765283203125 0 0 0
10 0.8097373046874999 0.3910065109375 0.8211494140625 0.3852083328125 0.8456044921875 0.38883203125 0.8521259765625 0.41492578125 0.8831025390624999 0.42289843749999995 0.9053837890624999 0.44101953125 0.9206005859375 0.41782421875000003 0.97059765625 0.41782421875000003 0.9733154296875 0.4497161453125 0.9990234375 0.4591393234375 0.9990234375 0.23517187499999997 0.9227744140624999 0.2424205734375 0.91244921875 0.39535546875 0.883646484375 0.3917317703125 0.892341796875 0.2880833328125 0.8869072265625 0.2460442703125 0.758109375 0.2474505203125 0.7591962890625 0.380859375 0.8004990234375 0.38230859375000004 0.8097373046874999 0.3910065109375
7 0.6596142578124999 0.7149661453125 0.6151259765625 0.707328125 0.6067568359375 0.7184908859375 0.9990234375 0.7972122390624999 0.9990234375 0.7320026046875 0.7240341796875 0.68141796875 0.7067451171875 0.6961666671875 0.681197265625 0.6814791671875 0.6596142578124999 0.7149661453125
7 0.39598828125 0.6657708328124999 0.356345703125 0.6222981765625 0.09139941406249999 0.5683619796875 0.0007822265624999999 0.5476888015625 0.0007822265624999999 0.58 0.39598828125 0.6657708328124999
7 0.8428212890625 0.6491666671874999 0.8244882812500001 0.6385559890625 0.7532353515625 0.6270221359375 0.738474609375 0.6567291671875 0.9990234375 0.6952981765625 0.9990234375 0.6616223953125 0.8424746093750001 0.63255859375 0.8428212890625 0.6491666671874999
7 0.8144580078124999 0.5919622390625 0.8113447265625 0.5661276046875 0.805810546875 0.59043359375 0.8144580078124999 0.5919622390625
7 0.8378056640624999 0.5921627609375 0.9990234375 0.6076471359375 0.9990234375 0.5845807296875 0.8341738281250001 0.5693567703125 0.8378056640624999 0.5921627609375
2 0.7176083984375 0.6815182296875 0.9990234375 0.7331276046874999 0.9990234375 0.6939140625 0.7359404296875 0.6560859375 0.7176083984375 0.6815182296875
4 0.9990234375 0.8900585937500001 0.9986494140625 0.7998645828125001 0.6659619140624999 0.7283932296875 0.662287109375 0.7559440109375 0.6869853515625 0.7755520828125 0.6581708984375 0.7920221359374999 0.9990234375 0.8900585937500001
4 0.47881640625 0.7532018234375 0.4823447265625 0.7273190109375001 0.52115625 0.6951640625 0.048955078125 0.5900677078125 0.052923828125 0.6205846359375 0.3800244140625 0.72261328125 0.42706835937500004 0.7233984375 0.42824414062500005 0.7422213546875 0.47881640625 0.7532018234375
11 0 0.6724192703125 0.0377822265625 0.6849674484375 0.057775390625 0.6818307296875 0.06306835937500001 0.64496875 0.051306640625 0.6269296875 0.051306640625 0.5900677078125 0 0.57844140625 0 0.6724192703125
11 0.429861328125 0.7822200515625 0.4774931640625 0.7900638015625 0.47043652343750003 0.8143763015625 0.6174482421875 0.8567278640625 0.67978125 0.77280859375 0.6544951171875 0.7602604171875 0.66566796875 0.7351627609375 0.657435546875 0.7202604171875 0.626857421875 0.7132018234374999 0.6245048828125 0.7288880203125 0.5139521484375 0.7006536453125001 0.47043652343750003 0.7273190109375001 0.481609375 0.7712395828124999 0.4310380859375 0.761828125 0.4310380859375 0.7194765624999999 0.37414453124999997 0.7176119796875 0.3492998046875 0.74065234375 0.3563564453125 0.7955533859374999 0.399283203125 0.80496484375 0.429861328125 0.7822200515625
0 0.318638671875 0.5909869796875 0.3777900390625 0.6341549484375 0.3956474609375 0.668390625 0.44363867187499995 0.6624375 0.48828125 0.66690234375 0.532923828125 0.6758333328125 0.553013671875 0.7056041671875 0.5864951171875 0.71155859375 0.66015625 0.69071875 0.6478798828125 0.61926953125 0.626673828125 0.5403763015624999 0.5731025390625 0.5165598953125 0.5418525390625 0.55526171875 0.49497753906249997 0.59991796875 0.49609375 0.6296888015625 0.365513671875 0.59991796875 0.3621650390625 0.5582395828125 0.321986328125 0.4957200515625 0.2260048828125 0.4821432296875 0.21372753906250003 0.57461328125 0.263951171875 0.6043841140625 0.290736328125 0.6162916671875001 0.318638671875 0.5909869796875