10 0.133806640625 0.4902447921875 0.1271689453125 0.5055364578125 0.066224609375 0.5055364578125 0.119927734375 0.5433606765625 0.1036357421875 0.5441653640624999 0.11329003906249999 0.6157916671875 0.1621669921875 0.6101588546875 0.1688037109375 0.6318880203125 0.14225390625 0.68983203125 0.15311523437500002 0.7099518234375 0.166994140625 0.7059283859375001 0.173630859375 0.6568359375 0.1929404296875 0.6182057296875 0.22130078125 0.6165963546875 0.21225 0.6343020828125 0.21587011718750002 0.68339453125 0.23638574218750003 0.6793697921875 0.25690234375 0.7115611984375 0.2834521484375 0.7220234375000001 0.323880859375 0.7171953125 0.3401728515625 0.68983203125 0.35646484375 0.657640625 0.3709462890625 0.6705169265625 0.46688867187499994 0.6648841140624999 0.4837841796875 0.68580859375 0.5079208984375 0.68661328125 0.53628125 0.6689075515625 0.548349609375 0.6294739578125 0.5429189453125 0.5964765625 0.534470703125 0.5763567703125 0.624982421875 0.5707239578125 0.6801943359375 0.5703385421875 0.794841796875 0.5389518234375 0.806306640625 0.5510234374999999 0.8244091796875 0.5711432296875001 0.8569931640625 0.5606809890625 0.864837890625 0.5292942703125 0.8823369140624999 0.5260755203125 0.887767578125 0.5445859375000001 0.8931982421875 0.5381471359375001 0.9046630859375 0.5268802078125 0.9052666015625 0.5389518234375 0.9125068359374999 0.5566575515625 0.922765625 0.5534388015625 0.9366435546874999 0.5300989578124999 0.94207421875 0.5397565109375 0.9475048828125001 0.542171875 0.9595732421875001 0.5429765625 0.97767578125 0.5413658859375 0.9855195312499999 0.51078515625 0.9990234375 0.5075651046874999 0.9990234375 0.46974088593749996 0.9867265625 0.45444921875000005 0.9873300781250001 0.299125 0.9734521484374999 0.27820052031250003 0.9589697265625 0.2733723953125 0.9692275390624999 0.26451953125 0.9589697265625 0.2548619796875 0.9378505859375 0.26451953125 0.9354365234375001 0.2717630203125 0.899232421875 0.26532421875 0.8781132812499999 0.28302994843749996 0.8781132812499999 0.2725677078125 0.8600107421875001 0.2773958328125 0.8594072265625 0.2878580734375 0.8244091796875 0.3120026046875 0.8201855468750001 0.45042578125 0.7612929687500001 0.4311106765625 0.2634794921875 0.45364453125 0.233912109375 0.4721549484375 0.23270507812500002 0.48503125 0.1870576171875 0.4819231765625 0.17906249999999999 0.46690624999999997 0.166994140625 0.4572486984375 0.1434609375 0.4564440109375 0.133806640625 0.4902447921875
10 0 0.45766927031250004 0.298447265625 0.44801171875 0.306291015625 0.45123046875000006 0.3231865234375 0.46732552031249996 0.32982421875 0.45766927031250004 0.3545634765625 0.45364453125 0.3563740234375 0.46974088593749996 0.3672353515625 0.4705455734375 0.3690458984375 0.4592786453125 0.385337890625 0.46732552031249996 0.3895615234375 0.44962109375 0.41611132812499996 0.45444921875000005 0.4269736328125 0.4624973953125 0.42938671875 0.4810078125 0.4354208984375 0.4592786453125 0.9990234375 0.44801171875 0.9987802734375 0.3707513015625 0.4797109375 0.3200494796875 0.4760908203125 0.3433893234375 0.470056640625 0.3176354171875 0 0.25966796875 0 0.45766927031250004
3 0.304119140625 0.0728580734375 0.2878271484375 0.0704427078125 0.2878271484375 0.2233528640625 0.2655009765625 0.1452877609375 0.2606728515625 0.1485078125 0.2829990234375 0.22737630156250002 0.25463964843750003 0.24186328124999998 0.255845703125 0.2579583328125 0.2829990234375 0.24105859375 0.27832324218750004 0.4517526046875 0.28903320312499997 0.4800794265625 0.2980849609375 0.4792747390625 0.304119140625 0.0728580734375
10 0.59212109375 0.008578125 0.5833251953125 0 0.2867939453125 0.00019921875000000001 0.5129619140624999 0.058852864062499996 0.5406044921875 0.0253359375 0.56950390625 0.0370677078125 0.59212109375 0.008578125
5 0.9869726562500001 0.551296875 0.9505341796875 0.5479453125 0.8186025390625 0.8898111984374999 0.866349609375 0.9216523437499999 0.9191220703124999 0.8076966140625 0.8588105468749999 0.9986979171874999 0.9990234375 0.9986979171874999 0.9990234375 0.5060494796875 0.9869726562500001 0.551296875
7 0 0.8826783859375 0.8930498046875 0.7033645828124999 0.9106406249999999 0.6631458328125001 0.762375 0.6916341140625 0.9005888671875001 0.6597942703124999 0.9269755859375 0.62962890625 0 0.8024778640625 0 0.8826783859375
7 0 0.7622408859375 0.292720703125 0.7266653640625 0.2339267578125 0.6807838546875 0 0.7124830734375001 0 0.7622408859375
7 0.5408759765625 0.6374049484375 0.5346220703125 0.6615963546875 0.4983447265625 0.6816171875 0.4683212890625 0.67244140625 0.43392089843750004 0.6640989578125 0.34635449218750003 0.6816171875 0.33071777343750003 0.72054296875 0.9205380859375 0.6298958328125 0.9249160156249999 0.6165494796875 0.9349238281250001 0.58568359375 0.5408759765625 0.6374049484375
7 0.0019326171874999999 0.6831705734375 0.15094921875 0.6711484375000001 0.16950390625 0.6433085937499999 0 0.6618684890625001 0.0019326171874999999 0.6831705734375
7 0 0.6458033859375 0.17027734375 0.6257799484375 0.1625458984375 0.60928125 0.000193359375 0.6206236984375 0 0.6458033859375
7 0.174916015625 0.6664192703125 0.21589062499999997 0.6608372390625 0.21125195312499997 0.6319661453125 0.183419921875 0.64124609375 0.174916015625 0.6664192703125
2 0 0.6638424484375001 0.164091796875 0.64537109375 0.17027734375 0.6237174484375 0.0017392578125 0.64227734375 0 0.6638424484375001
2 0 0.8041627609375 0.9077451171875 0.64227734375 0.9170224609375 0.6247486984374999 0 0.7630585937500001 0 0.8041627609375
2 0.5380830078125001 0.5729427078125 0.5469746093750001 0.5916861984375 0.6849736328125 0.58428515625 0.66951171875 0.5719114578125 0.61384765625 0.5657252609375 0.5380830078125001 0.5729427078125
7 0.5469746093750001 0.61487890625 0.775814453125 0.5884088546874999 0.774267578125 0.5708802078125 0.5438818359375001 0.5925338546875001 0.5469746093750001 0.61487890625
7 0.7905029296875 0.5646263015625 0.7874111328125 0.5935651046875 0.9899648437499999 0.5523203125 0.9899648437499999 0.5378841140625 0.7905029296875 0.5646263015625
11 0.7688564453125 0.5956276046875 0.784705078125 0.5955507812499999 0.7920498046875 0.5533515625 0.7781337890625 0.5502578125 0.7688564453125 0.5956276046875
4 0 0.70507421875 0.137806640625 0.6956458328124999 0.1501767578125 0.6719296875 0.0079248046875 0.6812096359375001 0 0.70507421875
4 0.1710498046875 0.6883242187499999 0.21666406249999998 0.6812096359375001 0.21434472656249998 0.6636809890625 0.17027734375 0.6678059890625 0.1710498046875 0.6883242187499999
4 0.8956162109375001 0.7035716140625 0 0.8810651046875 0.006562500000000001 0.9623385421874999 0.855671875 0.7735911453125001 0.8956162109375001 0.7035716140625
0 0.28515625 0.7204895828125 0.3275673828125 0.7056041671875 0.349888671875 0.6579713546875 0.3666298828125 0.668390625 0.396763671875 0.6758333328125 0.44810253906249997 0.6654140625 0.45814746093750003 0.6773229171875 0.5005576171875 0.69071875 0.532923828125 0.66392578125 0.5496650390625 0.6088489578125 0.5362724609375 0.5582395828125 0.314173828125 0.61778125 0.295201171875 0.5984296875 0.2739951171875 0.6043841140625 0.23828125 0.5954531249999999 0.217076171875 0.6207578125000001 0.219029296875 0.6737356765625 0.23939746093749997 0.6877421874999999 0.2583701171875 0.7041158859375 0.28515625 0.7204895828125