10 0 0.6616731765625 0.016537109375 0.6629309890624999 0.014275390625 0.61693359375 0.040847656249999996 0.5814921875 0.0770322265625 0.559625 0.091166015625 0.5724440109375 0.0815546875 0.6033606765624999 0.091166015625 0.6629309890624999 0.1250888671875 0.6855520828125 0.1674912109375 0.6802734375 0.2048056640625 0.6433255203125 0.204240234375 0.6237200515625 0.21045996093750002 0.63578515625 0.32409960937500004 0.6335221359375 0.33484179687500004 0.6501119796875 0.36537207031249996 0.6636848953125 0.39533593749999996 0.6538815109375 0.41173242187500003 0.63578515625 0.424169921875 0.6018528640625 0.42077832031250006 0.559625 0.4043818359375 0.5317252609375 0.58134375 0.5483138015625 0.7183046875 0.5204140625 0.73130859375 0.5385117187499999 0.75053125 0.53549609375 0.7561845703125 0.5098580734375 0.7776689453125 0.5175885421875 0.787845703125 0.55380859375 0.8200722656250001 0.5568255203125 0.8257255859375 0.5296796875 0.847775390625 0.5424986984375 0.8833935546875 0.5409895828125 0.90205078125 0.49423828125 0.909400390625 0.51007421875 0.91279296875 0.5251549484375 0.91901171875 0.5259088546874999 0.9365390625 0.5228932296875 0.9393652343750001 0.5145989578125 0.9580224609375 0.5025338546875 0.9710263671874999 0.51308984375 0.9806376953125 0.52892578125 0.9970332031250001 0.5357122390625 0.9990234375 0.5357122390625 0.9990234375 0.41657161406250004 0.9303193359374999 0.4158177078125 0.92975390625 0.27028515625 0.94049609375 0.25294140625 0.988552734375 0.2235338546875 0.9990234375 0.2288111984375 0.9990234375 0.21373046874999999 0.9840302734374999 0.2099609375 0.963111328125 0.2288111984375 0.958587890625 0.21599348906250002 0.9376689453125 0.22428776093749997 0.9365390625 0.23786067656249998 0.9048779296875 0.2642526046875 0.898658203125 0.41129296875000004 0 0.42863671875 0 0.6616731765625
10 0.9990234375 0.31628255156249996 0.5774140625 0.29366015624999997 0.5644111328125 0.3245768234375 0.560453125 0.289890625 0.00070703125 0.25743229218749997 0.0036611328125 0.43014453125 0.9990234375 0.4218502609375 0.9990234375 0.31628255156249996
3 0.36805761718749996 0.0622916671875 0.3691875 0.2092317703125 0.34713867187499997 0.23713281249999998 0.348833984375 0.2446731765625 0.366361328125 0.22883723906250003 0.3689052734375 0.42516015625000003 0.378798828125 0.4249908859375 0.3776689453125 0.0615377609375 0.36805761718749996 0.0622916671875
7 0 0.772390625 0.9990234375 0.6811497390625 0.9990234375 0.6057447921875 0 0.7135 0 0.772390625
7 0.015830078125 0.6585286453125 0.003392578125 0.6577747390625001 0.00070703125 0.69276953125 0.118728515625 0.6841666671875 0.09215527343749999 0.6396770828125 0.0175263671875 0.6464635421875 0.015830078125 0.6585286453125
7 0.38626171875000004 0.6487252609375 0.34159765625 0.6494791671875 0.3360009765625 0.6336445312500001 0.19981640625 0.6442018234375 0.18021191406249998 0.6701536453125 0.9990234375 0.6140390625000001 0.9990234375 0.5951875 0.40774609375 0.6268580734375 0.38626171875000004 0.6487252609375
7 0.9990234375 0.5687955734375 0.41950585937499996 0.6140390625000001 0.4076328125 0.63213671875 0.9990117187499999 0.5899088546875 0.9990234375 0.5687955734375
7 0.82657421875 0.5454205734375 0.8124394531249999 0.55371484375 0.7853017578125 0.55371484375 0.7864326171875 0.5695494796875 0.7700361328125 0.57105859375 0.7700361328125 0.5559765624999999 0.42063671874999997 0.5801067703125 0.4162548828125 0.6032513015625 0.9978818359374999 0.551453125 0.9967509765625 0.537125 0.9803544921875 0.5295846359375 0.82657421875 0.5454205734375
7 0.42614941406250006 0.56838671875 0.77286328125 0.5439114578125 0.775125 0.5295846359375 0.4189404296875 0.551453125 0.42614941406250006 0.56838671875
11 0.7858671875 0.5288307296875 0.7745595703125 0.5258151046874999 0.76819921875 0.5646184890625 0.767775390625 0.5793528640625001 0.7864326171875 0.5778450515625 0.7858671875 0.5288307296875
2 0 0.714046875 0.9990234375 0.6043411453124999 0 0.6878151046875 0 0.714046875
2 0.42734082031250004 0.5785703125 0.7722666015625 0.55333984375 0.771623046875 0.5413411453125 0.4220390625 0.5670533859375 0.42734082031250004 0.5785703125
4 0.9990234375 0.6716171875 0.00241015625 0.7734973953125001 0 0.8550325515624999 0.9965078125 0.7247565109375 0.9990234375 0.6716171875
4 0.42237597656250003 0.6035442703125 0.41825976562499995 0.6126822921875 0.9990234375 0.571375 0.9990234375 0.54941796875 0.42237597656250003 0.6035442703125
0 0.095423828125 0.6564830734375 0.1099326171875 0.6802994796874999 0.173548828125 0.6713684890625 0.193638671875 0.6564830734375 0.19921875 0.6490403640625 0.287388671875 0.6430859375 0.334263671875 0.640109375 0.3510048828125 0.6609479171875 0.396763671875 0.64159765625 0.4291298828125 0.5909869796875 0.4135048828125 0.5344231765624999 0.087890625 0.56398828125 0.0831474609375 0.5894986984374999 0.0853798828125 0.6326666671875001 0.095423828125 0.6564830734375