10 0.2237060546875 0.2056579859375 0.2332294921875 0.21738194375000003 0.24238671875 0.2121701390625 0.2449501953125 0.2343177078125 0.249345703125 0.22975694375 0.25081054687500004 0.21607812499999998 0.2790146484375 0.21607812499999998 0.28011328125 0.232362846875 0.2845087890625 0.24017881874999997 0.2878046875 0.21282291718750002 0.3012294921875 0.22052430625000002 0.29976367187499997 0.244625 0.320275390625 0.2556979171875 0.3374912109375 0.259605903125 0.33309570312500003 0.27328472187499997 0.33529296875000003 0.278496528125 0.3437177734375 0.27393576406250003 0.34774707031249996 0.275890625 0.34738085937499996 0.29999131874999996 0.35873535156249997 0.30585243125 0.3667939453125 0.3052013890625 0.393166015625 0.311715278125 0.4124873046875 0.344769096875 0.46587011718750004 0.38723958281250004 0.5234677734375001 0.437203125 0.5333017578125 0.41846701406250003 0.5389208984375 0.4571875 0.6442812499999999 0.5133975687500001 0.7341894531250001 0.59708680625 0.7285703125 0.6458020828125 0.867646484375 0.7444791671875 0.9175175781249999 0.7582204859375 0.9990234375 0.8369131937500001 0.9990234375 0.023753471875 0.9905673828125 0.01750694375 0.8704560546875 0.0337447921875 0.8613251953125 0.0937013890625 0.864134765625 0.1324236109375 0.8114541015625001 0.12742708281249998 0.77001171875 0.12368055625 0.772119140625 0.08870486093749999 0.7489404296875 0.074965278125 0.73208203125 0.1111892359375 0.6948544921875001 0.0999479171875 0.639365234375 0.12742708281249998 0.630935546875 0.141168403125 0.6077568359375001 0.11743402812499999 0.597220703125 0.11743402812499999 0.5866845703125 0.14991145781249998 0.5613974609375 0.12617881875 0.5424326171875 0.14741319375 0.5333017578125 0.136171875 0.516443359375 0.14991145781249998 0.47078710937499996 0.12118229218750001 0.44901269531250004 0.11743402812499999 0.43777441406250006 0.183637153125 0.4202138671875 0.1936302078125 0.413892578125 0.178640625 0.391416015625 0.183637153125 0.3808798828125 0.182387153125 0.36823632812499996 0.12742708281249998 0.33171093749999997 0.08495833281250001 0.31485351562499997 0.08246006875 0.3078291015625 0.09744965312500001 0.28745996093750004 0.06122569375 0.27200683593749997 0.0624739578125 0.2579580078125 0.07121875 0.234779296875 0.07121875 0.2263505859375 0.091203125 0.20808789062500002 0.10494444375 0.195044921875 0.134465278125 0.1966015625 0.18416145781249998 0.1998974609375 0.1848142359375 0.1998974609375 0.199144096875 0.2237060546875 0.2056579859375
7 0.56141015625 0.6369583328124999 0.339689453125 0.30638368125 0.32535546875 0.303637153125 0.24915917968749998 0.2259513890625 0.24307793125 0.225459653125 0.31161328125 0.31371180625 0.32896484375 0.31371180625 0.485615234375 0.60771180625 0.68817578125 0.9982638890625 0.7763818359375 0.9982638890625 0.56141015625 0.6369583328124999
7 0.42638183593749995 0.3643541671875 0.28858691406250003 0.22924305625 0.28594637968750003 0.2386316265625 0.4016357421875 0.36506249999999996 0.49476367187500003 0.46382638906249996 0.6826279296875 0.6504670140625 0.9990234375 0.9726597218749999 0.9990234375 0.8582395828125 0.42638183593749995 0.3643541671875
2 0.3413564453125 0.31144097187500003 0.390798828125 0.381421875 0.7754169921875 0.9982638890625 0.9989248046875 0.9982638890625 0.9990234375 0.969503471875 0.5230400390625001 0.4929982640625 0.4206591796875 0.3846145828125 0.3806982421875 0.3430625 0.333626953125 0.28705555625 0.268267578125 0.216597221875 0.2509970703125 0.21719791718749998 0.24938867187499997 0.222890625 0.325439453125 0.3048177078125 0.33830859375 0.3060208328125 0.3413564453125 0.31144097187500003
4 0.2976708984375 0.33131944375 0.30241210937499996 0.33071875 0.396216796875 0.621590278125 0.4858740234375 0.9982638890625 0.694751953125 0.9982638890625 0.32833496093750003 0.3102795140625 0.31241894531250003 0.3102795140625 0.2323876953125 0.211515625 0.2129248046875 0.1995763890625 0.2113154296875 0.21749999999999997 0.2279091796875 0.21870486093750002 0.24213281250000002 0.25905381875 0.2976708984375 0.33131944375
4 0 0.4242361109375 0.2100458984375 0.21466493125000002 0.2110615234375 0.2020173609375 0 0.35008506875 0 0.4242361109375
7 0 0.350765625 0.20970703125 0.20683506875000002 0.20598242187500002 0.20141493124999998 0 0.319230903125 0 0.350765625
7 0 0.2928923609375 0.1927744140625 0.203824653125 0.187017578125 0.197199653125 0 0.27127256875 0 0.2928923609375
2 0 0.32246180625 0.20699804687499998 0.199609375 0.19108203125 0.2008125 0 0.29063368125 0 0.32246180625
9 0.0988447265625 0.016340278125 0.104388671875 0.1979826390625 0.11781152343750001 0.19279340312499998 0.104388671875 0.0132552078125 0.0988447265625 0.016340278125
9 0.079513671875 0.1907673609375 0.086880859375 0.1917552078125 0.0798779296875 0.058399306250000005 0.0766689453125 0.058399306250000005 0.079513671875 0.1907673609375
9 0.171427734375 0.071456596875 0.176826171875 0.19435069375 0.18412109375000002 0.1855295140625 0.17741015625 0.0734479171875 0.171427734375 0.071456596875
9 0.31002929687499997 0 0.31105078124999996 0.1756701390625 0.3238896484375 0.1751510421875 0.318345703125 0.00391493125 0.31002929687499997 0
9 0.37203515625 0 0.37203515625 0.1761892359375 0.3924609375 0.18241493125 0.38866796875 0.0033958328125 0.37203515625 0
9 0.23963476562500002 0.034496528124999995 0.242333984375 0.13934722187499998 0.2467109375 0.1341579859375 0.24350097656249997 0.027784721875 0.23963476562500002 0.034496528124999995
9 0.170115234375 0.1917552078125 0.164498046875 0.0993385421875 0.164279296875 0.094722221875 0.16457128906250001 0.1891614578125 0.170115234375 0.1917552078125
5 0.44188671875 0.2531770828125 0.44788574218750005 0.22650694374999997 0.45217089843749997 0.1823107640625 0.4658828125 0.1823107640625 0.46973925781250003 0.1685954859375 0.4585986328125 0.1701197921875 0.45731347656250004 0.1503072921875 0.4585986328125 0.1289704859375 0.4555986328125 0.11296874999999999 0.4493857421875 0.12493055625 0.4388876953125 0.18154861093750002 0.43074609375 0.240222221875 0.44188671875 0.2531770828125
0 0.279828125 0.21300520781249999 0.279611328125 0.23418923593750002 0.2865419921875 0.2372708328125 0.2910908203125 0.193362846875 0.279828125 0.18989756875 0.279828125 0.20530381874999998 0.2505888671875 0.20453298593749997 0.251671875 0.18643055625 0.24300878906249998 0.18219444375 0.2439287109375 0.2253454859375 0.24863964843750003 0.23264930625 0.25102246093749997 0.2137760421875 0.279828125 0.21300520781249999
0 0.3578525390625 0.297972221875 0.3762626953125 0.2713958328125 0.37712890625 0.2567604171875 0.3483232421875 0.22710243125 0.341392578125 0.23788715312500003 0.33965917968750003 0.234421875 0.3335947265625 0.2405833328125 0.33294531250000003 0.2521388890625 0.33857714843750003 0.26022743125000003 0.33337890625 0.27447743125 0.334677734375 0.28603125 0.344640625 0.272512153125 0.35200488281250003 0.2721666671875 0.3476728515625 0.2945052078125 0.3578525390625 0.297972221875
0 0.41773828125 0.2606111109375 0.41297363281250005 0.2606111109375 0.40712597656250005 0.260996528125 0.40625976562500005 0.28872743125 0.39672949218750003 0.28526215312500003 0.39521386718749996 0.293734375 0.40236132812500003 0.31414756875 0.40279394531249996 0.323777778125 0.4079921875 0.3326354171875 0.41319042968749997 0.32185069374999997 0.41578906250000003 0.32185069374999997 0.417955078125 0.32300694375 0.4153564453125 0.3345607640625 0.42250292968750003 0.3418802078125 0.42596875 0.327628471875 0.4348486328125 0.33340625 0.43203320312500004 0.3465017359375 0.44199609375 0.3549739578125 0.4439453125 0.33995312499999997 0.461921875 0.3488125 0.46170507812499995 0.3176145828125 0.45585742187499995 0.309140625 0.47015234375 0.203609375 0.48011523437500003 0.2109270828125 0.48509667968750003 0.19744618125 0.472318359375 0.18435069375 0.45217578124999996 0.17780381875 0.4450283203125 0.23788715312500003 0.449576171875 0.23827256874999997 0.45000976562500006 0.246746528125 0.44026367187500004 0.25021180625 0.436365234375 0.24597569375 0.43376562500000004 0.24443576406249998 0.43224999999999997 0.24173958281250002 0.43809765624999997 0.185121528125 0.43376562500000004 0.1805 0.4311669921875 0.1878177078125 0.41882128906249994 0.179621528125 0.4153564453125 0.1943645828125 0.42531933593750004 0.20746006874999998 0.41773828125 0.2606111109375
0 0.8665361328125 0.564640625 0.9507382812499999 0.60631944375 0.9990234375 0.638737846875 0.9990234375 0.15402430625000002 0.925564453125 0.16946180625 0.8648007812499999 0.14013194375 0.7823349609375 0.167918403125 0.7528212890625 0.14476215312500001 0.72417578125 0.160199653125 0.7180986328125 0.20187847187500002 0.745876953125 0.218859375 0.691189453125 0.4040989578125 0.667751953125 0.40101215312500005 0.691189453125 0.5057864578125 0.6981337890625 0.467390625 0.783203125 0.5044375 0.8665361328125 0.564640625