7 0.2099704859375 0.5241015625000001 0.091875 0.4889270828125 0.23775694375 0.54233984375 0.9830729171874999 0.8727213546874999 0.99322569375 0.81331640625 0.293331596875 0.5553684890625 0.2099704859375 0.5241015625000001
7 0.49801909687499996 0.5774479171875 0.3689357640625 0.5457135421875 0.3060208328125 0.5318802078125 0.1595798609375 0.5066549484375 0.208394096875 0.52048828125 0.3439861109375 0.5481549484375 0.49368055625 0.59128125 0.9970000000000001 0.7401888015625 0.9982638890625 0.7108046875 0.9633732640625 0.7003177078125 0.71388368125 0.6368489578125 0.49801909687499996 0.5774479171875
7 0.7507638890624999 0.63115234375 0.9481875000000001 0.6669557296875 0.996987709375 0.6780573375000001 0.9976197921875001 0.6772565109375 0.99808506875 0.6588190109375 0.5641892359375 0.5831432296875 0.41666319375 0.55222265625 0.3689357640625 0.5400169265625 0.5772048609375 0.5961627609375 0.7507638890624999 0.63115234375
7 0.47707812499999996 0.546671875 0.3856232640625 0.5335234375 0.31474652812500004 0.5220885421875 0.2667326390625 0.5135130203125 0.3414201390625 0.5363815109375001 0.4290642359375 0.5535325515625 0.5631996531250001 0.5746848953125 0.7224826390625 0.6044140625 0.7994583328125 0.6164192703125 0.9130138890625 0.6392877609375 0.9980416671875 0.6536796875 0.9945625 0.6404309890625 0.7948854171875 0.6021263015625 0.5891111109375 0.5683958328125 0.47707812499999996 0.546671875
7 0.313315971875 0.5301145828125 0.22481597187500002 0.5072252609375 0.1539375 0.4946471359375 0.313315971875 0.5301145828125
7 0.541097221875 0.5380963546875 0.5510052078125 0.5506744796875 0.682090278125 0.5798307296874999 0.79183680625 0.59983984375 0.7293420140625 0.5832604171875 0.541097221875 0.5380963546875
7 0.8276562500000001 0.6055572921875 0.9982638890625 0.6421458328125 0.992328125 0.62939453125 0.8276562500000001 0.6055572921875
7 0.73391493125 0.5723984375 0.9970885421875 0.6215377609375 0.9982638890625 0.6164192703125 0.738487846875 0.5638229171875 0.73391493125 0.5723984375
7 0.9982638890625 0.5993958328125 0.7720208328125 0.57068359375 0.9982638890625 0.61241796875 0.9982638890625 0.5993958328125
7 0.96280555625 0.5865403640625 0.8009826390624999 0.5638229171875 0.8002204859375001 0.56896875 0.96280555625 0.5865403640625
10 0.0685798609375 0.4860716140625 0.08610763906249999 0.48721484375 0.1516510421875 0.4946471359375 0.16232118125 0.48893098906250004 0.3330364578125 0.5117981765625 0.410012153125 0.5123697921875 0.40086631875 0.5295208328125 0.47860243125 0.5420989578125 0.5601510421875 0.52894921875 0.5830138890625001 0.5055091140625 0.146315971875 0.46549088593750004 0.1539375 0.41918359374999997 0.072390625 0.41575260468749997 0.051425346875 0.42369140625 0.04647743125 0.46205989531249997 0.0548611109375 0.4832135421875 0.0685798609375 0.4860716140625
10 0.6134999999999999 0.5335234375 0.6165468749999999 0.5501015625 0.6401736109375 0.5569622390625 0.668371528125 0.5615364578125 0.68285243125 0.5552473953125 0.6965711812500001 0.5735416671875 0.7163854171875 0.5683958328125 0.7270555562500001 0.5518177078125001 0.72553125 0.5295208328125 0.89777256875 0.57411328125 0.9343541671875 0.5849752609375 0.9982638890625 0.5912643234375 0.9982638890625 0.4963619796875 0.746109375 0.48835807343750004 0.6325520828125 0.5009361984375 0.592921875 0.5049375 0.55330381875 0.5058294265625001 0.5601510421875 0.5135130203125 0.6409357640625 0.5203736984375 0.6287413187500001 0.527234375 0.6134999999999999 0.5335234375
5 0.0547326390625 0.5020794265624999 0.056256943749999996 0.4809270828125 0.0471111109375 0.4649192703125 0.037203125 0.4603450515625 0.036440971875 0.44776822968749996 0.024246528125 0.4403359375 0.0090052078125 0.43461848906249995 0.00138368125 0.4409075515625 0.0021145828125 0.5751119796874999 0.03567881875 0.5769713546874999 0.037203125 0.5409544265624999 0.0440625 0.51465625 0.0547326390625 0.5020794265624999
5 0.38092187499999997 0.5340950515625 0.40149999999999997 0.5335234375 0.40911979218749994 0.51923046875 0.40988194375000003 0.5060807296875 0.41445486093749995 0.4975065109375 0.4068333328125 0.4797825515625 0.3992361109375 0.4815455734375 0.38778125 0.4946471359375 0.38625694374999997 0.50951171875 0.3839704859375 0.5243763015625 0.38092187499999997 0.5340950515625
5 0.51200694375 0.5323789062500001 0.51200694375 0.5592486984375 0.5127690968749999 0.56896875 0.526487846875 0.566109375 0.5249635421875001 0.5495299484375 0.5310607640625 0.5329518234374999 0.53944444375 0.51923046875 0.54630381875 0.5117981765625 0.5546857640625 0.5049375 0.5371579859375 0.498078125 0.541730903125 0.48492838593750004 0.531609375 0.47868880156250004 0.52191493125 0.49064583281249996 0.51200694375 0.5043658859375 0.5097204859375 0.5198020828125001 0.51200694375 0.5323789062500001
4 0.9868107640625 0.9758606765625 0.9982638890625 0.8849609375 0.177434028125 0.5179778640625 0.098300346875 0.4922591140625 0.22239930624999998 0.55124609375 0.4350329859375 0.6753046875 0.85191493125 0.9141848953125 0.9868107640625 0.9758606765625
4 0.7925486109375 0.59575390625 0.80085243125 0.5888684890625 0.5813611109375 0.5402747390625 0.5676423609375 0.5437044265625001 0.7925486109375 0.59575390625
2 0.220112846875 0.5242669265625 0.21325347187500002 0.5214075515625 0.21325347187500002 0.52198046875 0.9982638890625 0.8106875 0.9921458328125 0.7392252609375001 0.26965104218749997 0.53169921875 0.220112846875 0.5242669265625
2 0.99519444375 0.7043515625000001 0.9936701390625 0.6774817703125 0.58364756875 0.5974440109375 0.99519444375 0.7043515625000001
5 0.5816701390625 0.493609375 0.5794704859375 0.48884375 0.57140625 0.48755989531250005 0.56774131875 0.49379296874999995 0.56278993125 0.5006927078125 0.58606944375 0.5038750000000001 0.585824653125 0.499109375 0.5816701390625 0.493609375
5 0.621503471875 0.49837630156249996 0.6183263890624999 0.4941588546875 0.616371528125 0.4884765625 0.6117291671875 0.48976041718749996 0.6058645828125 0.49525911406249995 0.5979062500000001 0.5025260421875 0.5992656249999999 0.5025924484375001 0.6158836812499999 0.5029583328125 0.621503471875 0.49837630156249996
5 0.6268802078125 0.4890260421875 0.6205260421875 0.4893932296875 0.6195486109375 0.4945260421875 0.617449653125 0.5013802078125 0.634699653125 0.49965885468750004 0.6329895828125001 0.4915924484375 0.6268802078125 0.4890260421875
7 0.615144096875 0.5384830734375 0.556956596875 0.5301796875 0.5472431046875 0.534369828125 0.61400868125 0.5433802078125 0.615144096875 0.5384830734375
3 0.13024305625000002 0.36441015625 0.1369375 0.3684283859375 0.1355208328125 0.41057942656249996 0.14631076406250001 0.3774674484375 0.148987846875 0.3654153640625 0.13024305625000002 0.36441015625
3 0.17015625 0 0.40885069375 0.0627942703125 0.402659721875 0.0860091140625 0.418753471875 0.0850807296875 0.427418403125 0.0665078125 0.7047135421874999 0.14265494843749998 0.6985243062500001 0.17329947968749998 0.71956944375 0.1779427078125 0.7220451390625 0.1491549484375 0.946109375 0.209515625 0.946109375 0.23365885468749997 0.9708680562499999 0.23365885468749997 0.9671545140625 0.2522317703125 0.9807708328125001 0.2141575515625 0.9943888890625001 0.2197291671875 0.9981024312500001 0.1862994796875 0.36676041718749997 0 0.17015625 0
3 0.20068055624999998 0.3353802078125 0.1870833328125 0.46551953125 0.199550346875 0.46718359375 0.2097204859375 0.3366510421875 0.20068055624999998 0.3353802078125
9 0.41430902812500003 0.36965234375 0.40498958281249997 0.48442187499999995 0.41430902812500003 0.48954296875000003 0.42099131874999995 0.3688177078125 0.41430902812500003 0.36965234375
9 0.36363194375 0.3742473953125 0.3586197921875 0.4811875 0.36363194375 0.48578255156249994 0.36975868125 0.3738294265625 0.36363194375 0.3742473953125
9 0.299034721875 0.397640625 0.29068229218749997 0.47701041718750004 0.295137153125 0.4795169265625 0.304046875 0.4009830734375 0.299034721875 0.397640625
9 0.23388020781250002 0.4097552078125 0.2283107640625 0.46949088593750005 0.2344375 0.47116276093750004 0.23833506875000002 0.41351432343749994 0.23388020781250002 0.4097552078125
0 0.4789739578125 0.5501015625 0.48130381875 0.5382200515625 0.5073888890625 0.5385690109375 0.5069236109374999 0.5242408859375 0.47990625 0.5294830734375 0.48037152812499995 0.51690234375 0.4524236109375 0.5144557296875 0.44869618125 0.5210950515625 0.4221458328125 0.5144557296875 0.4215625 0.5315533859375 0.44310590312500003 0.5347252609375001 0.4472986109375 0.5427630203125 0.4789739578125 0.5501015625
0 0.6825364578124999 0.5521979171875 0.6909201390625 0.56373046875 0.7128142359375 0.5756119796875 0.7319114578125 0.5591875 0.7356388890625001 0.5375208328125 0.66483506875 0.5182994796875 0.6140607640625 0.5249401046875 0.6154583328125 0.5477109375 0.635487846875 0.5539453125 0.67182118125 0.5619830734375 0.6825364578124999 0.5521979171875