7 0.98147021875 0.8656429687499999 0.9989550671874999 0.926075 0.9983416921874999 0.6005476562500001 0.8737115984375 0.333365625 0.7915318703125 0.1486109375 0.7626875656250001 0.07119921875 0.748538140625 0.06835 0.7447283171875 0.0797484375 0.7697628 0.13714921875 0.810036571875 0.26212734375 0.7071755484375 0.06509296875000001 0.679964471875 0.000771875 0.660886103125 0 0.7556123296874999 0.2639140625 0.79098850625 0.3779328125 0.8443228843749999 0.56595703125 0.98147021875 0.8656429687499999
7 0 0.74111015625 0.131576803125 0.54213828125 0.40735527656250003 0.16121093749999998 0.4847147328125 0.07035703125000001 0.4829435734375 0.057988281249999996 0.47113270625 0.06638125 0.463455590625 0.057104687499999994 0.4734952984375 0.049153906250000004 0.4705423203125 0.0381109375 0.1864963421875 0.33902031250000003 0 0.55724375 0 0.74111015625
7 0.506919540625 0 0.507549634375 0.0158859375 0.511964471875 0.01140546875 0.52363009375 0 0.506919540625 0
5 0.41664367812499997 0 0.41895402343750004 0.02319765625 0.413909090625 0.04678203125 0.419268546875 0.085459375 0.42746603906249997 0.08404453125 0.4344022984375 0.07649765625 0.4359791015625 0.05715859375 0.44480773281249997 0.053149218750000005 0.43944723124999996 0.032159375000000004 0.4451222578125 0.016829687500000003 0.4498516203125 0.016121875 0.46561650937500004 0.03381015625 0.46813897656250003 0.03475390625 0.474444096875 0.04961171875 0.464670846875 0.056450781250000005 0.47129153593749995 0.0673 0.4801201671875 0.0590453125 0.48547962343749995 0.059281249999999994 0.488947753125 0.09489375 0.502505746875 0.094421875 0.5113333328125 0.10031796875000001 0.5267826546875 0.09583671875000001 0.52394461875 0.08923359374999999 0.511964471875 0.08805390625000001 0.50944200625 0.08050703125 0.5198463953125 0.059281249999999994 0.50944200625 0.05786640625 0.5034514109375 0.023433593750000002 0.5078652031249999 0.016593749999999997 0.5066039703125 0 0.41664367812499997 0
5 0.1854848484375 0.041185937500000006 0.1854848484375 0.0321140625 0.1823657265625 0.028743750000000002 0.18271264375000001 0.025114843749999997 0.179593521875 0.0220046875 0.173356321875 0 0.1328129578125 0.00023124999999999998 0.14182340625 0.02330078125 0.16053500468749998 0.01630234375 0.1657335421875 0.0414453125 0.1854848484375 0.041185937500000006
2 0.8875433640624999 0.66560234375 0.773576803125 0.3089421875 0.6612466046875001 0.00087578125 0.52514315625 0 0.5067189125 0.01599140625 0.5096906999999999 0.019103125000000002 0.5037471265625 0.02354921875 0.5108787875 0.057050000000000003 0.513850575 0.05749453125 0.5174169281250001 0.06193984375 0.5079070015625 0.078834375 0.509096134375 0.0881703125 0.5245485890625 0.089059375 0.5287095093749999 0.09617265625 0.5114733546875 0.10195234375 0.4989926859375 0.09439453125 0.48651097187500003 0.0948390625 0.4841337515625 0.067275 0.3414921625 0.25266328125 0 0.7421296875000001 0.00182340625 0.99806328125 0.9989550671874999 0.9984851562499999 0.9989550671874999 0.930909375 0.8875433640624999 0.66560234375
4 0.677384534375 0 0.8068965515625001 0.25546484375 0.7477189125 0.0721265625 0.7594409609375 0.06452734375 0.8227419015624999 0.2337234375 0.9989550671874999 0.60258671875 0.9989550671874999 0.31328046875000004 0.7508443046875 0 0.677384534375 0
4 0 0.55857421875 0.423174503125 0.08617890624999999 0.41145245625 0.0522734375 0.414577846875 0.0429203125 0.418576803125 0.015690625 0 0.36426484375 0 0.55857421875
9 0.4658787875 0.03470625 0.4480721 0.015219531250000001 0.444444096875 0.01620625 0.4388390796875 0.03199296875 0.4447742953125 0.05049296875 0.44213584062500005 0.05542578124999999 0.4352110765625 0.05764609375 0.4351651 0.07428281249999999 0.467527690625 0.0435859375 0.47148484843749994 0.035446093750000005 0.4658787875 0.03470625
9 0.1589926859375 0.015399218749999999 0 0.05907265625 0.0019070015624999999 0.07501640625 0.1627001046875 0.02787734375 0.1589926859375 0.015399218749999999
9 0.21506165156249998 0 0.1738213171875 0.01054609375 0.180771159375 0.0205984375 0.25166875625 0 0.21506165156249998 0