10 0.2485875703125 0.38556901093749996 0.297014125 0.3825911453125 0.297014125 0.3543098953125 0.33898305156249997 0.3543098953125 0.42937853125 0.3825911453125 0.606940678125 0.3691953125 0.5940282484375 0.35133203125 0.54237288125 0.35133203125 0.61662711875 0.3096536453125 0.606940678125 0.2769049484375 0.7263926546875 0.2441575515625 0.739305084375 0.1503802078125 0.645680790625 0.12209765624999999 0.645680790625 0.0953033859375 0.568200565625 0.0461822921875 0.50686158125 0.0461822921875 0.50686158125 0.0193880203125 0.46488983125 0.0223658859375 0.46811864375 0.0476705734375 0.384180790625 0.043204426562499995 0.39386723125 0.020876301562499998 0.3583531078125 0.0223658859375 0.326070621875 0.0506471359375 0.19693220312499998 0.0476705734375 0.19693220312499998 0.0789296875 0 0.0789296875 0.0040367234375 0.3965768234375 0.158192090625 0.3825911453125 0.1517344625 0.36472916718750004 0.2485875703125 0.36175260468750003 0.2485875703125 0.38556901093749996
7 0.6615706218749999 0.261984375 0.997175140625 0.5918385421875 0.997175140625 0.49585807343750005 0.6615706218749999 0.261984375
7 0 0.6959205734375 0.39762429374999997 0.3722239578125 0.3418389828125 0.353703125 0 0.5754752609375 0 0.6959205734375
6 0.997175140625 0.9986979171874999 0.997175140625 0.7058151046875001 0.027757062500000002 0.6732330734375 0 0.6986484374999999 0.00111016875 0.9986979171874999 0.997175140625 0.9986979171874999
2 0.5495875703124999 0.35067578125 0.5940000000000001 0.34862890625 0.607322034375 0.37012890625 0.41635593281250005 0.3813919265625 0.38304519843749996 0.3762721359375 0.032197740625 0.6762578125 0.997175140625 0.70594921875 0.9914802265624999 0.597421875 0.6495141249999999 0.2612578125 0.607322034375 0.2759348953125 0.6184265531250001 0.3076744796875 0.5495875703124999 0.35067578125
4 0.997175140625 0.42848828125000005 0.6994745765625 0.2548606765625 0.66061581875 0.2616015625 0.997175140625 0.5001575515625001 0.997175140625 0.42848828125000005
4 0 0.5738736984374999 0.29422316406250004 0.3844622390625 0.240929378125 0.38855859375 0.2520338984375 0.359890625 0.20540112968750002 0.3597734375 0 0.47865624999999995 0 0.5738736984374999
3 0.941502825 0 0.9094943499999999 0.15875520781250002 0.8985423734375001 0.1605 0.8867514125 0.2381744796875 0.8985423734375001 0.2381744796875 0.8886468921875 0.28546484375 0.941502825 0.28602343750000003 0.9473983046875001 0.2363111984375 0.9650875703124999 0.2363111984375 0.9751949156249999 0.1683463546875 0.9566638421875 0.1683463546875 0.9785649718749999 0.048069010937500004 0.997175140625 0.048069010937500004 0.997175140625 0.0422434890625 0.9785649718749999 0.0403020828125 0.9911977406249999 0 0.941502825 0
5 0.8861158187499999 0.2029296875 0.8822853109375 0.2029296875 0.8817372875 0.2115078125 0.86313559375 0.21024609375 0.8620395484375001 0.2046953125 0.8521920906249999 0.2031822921875 0.8505508468749999 0.2099934890625 0.840700565625 0.2099934890625 0.8324943499999999 0.2374921875 0.8341355937499999 0.2594401046875 0.8505508468749999 0.2599453125 0.8532853109375 0.26473828125 0.8423418078125 0.2642330734375 0.8439830515625 0.26852213593749996 0.8877570625000001 0.2689752609375 0.898700565625 0.23496875 0.8861158187499999 0.23547395781249997 0.8861158187499999 0.2029296875
6 0.2318983046875 0.5653567703125 0.92438135625 0.5953515625 0.91887005625 0.5352200515625001 0.26863559375 0.5250572921875001 0.2318983046875 0.5653567703125
8 0.7198559328125 0.3351002609375 0.6821327687500001 0.34348046875 0.6916073453125 0.36750390624999996 0.7460395484375 0.3719518234375 0.7481073453125 0.35575 0.7198559328125 0.3351002609375