10 0.333990625 0.5004708328125 0.355221875 0.47958055625 0.3592875 0.51171944375 0.3678703125 0.5189513890625 0.36877421875 0.48841944374999996 0.46499296875 0.47958055625 0.47131796875000004 0.52296805625 0.48125546874999997 0.522165278125 0.486225 0.4835986109375 0.5024875 0.48600833281250005 0.50564921875 0.45386944375000005 0.50926328125 0.45949444375 0.50926328125 0.4779736109375 0.51332890625 0.47717083281250006 0.51784609375 0.42253472187499996 0.51332890625 0.420927778125 0.5128773437499999 0.43940694375 0.5024875 0.44021111093750004 0.49932499999999996 0.4145 0.51061875 0.4145 0.527784375 0.1015611109375 0.2937859375 0.069422221875 0.29062421875 0.0854916671875 0.29604453125 0.10316805625 0.28746171875000004 0.35545694375000003 0.29604453125 0.35786805625 0.29604453125 0.3691166671875 0.29062421875 0.36991944375 0.28791328125 0.3859888890625 0.28023359375 0.389202778125 0.28099140624999996 0.4682388890625 0.30778984375 0.49565000000000003 0.322696875 0.487615278125 0.33173203125 0.48520555625000006 0.333990625 0.5004708328125
7 0.26047734375 0.9977375 0.31919453125 0.9986111109375001 0.20788671875000003 0.5554694437500001 0.17052265625000002 0.356834721875 0.16959296875000002 0.41379861093750003 0.18388906249999998 0.533675 0.26047734375 0.9977375
7 0 0.51641944375 0.00161015625 0.540940278125 0.02254375 0.5073388890625 0.08943124999999999 0.45557361093750004 0.13946875 0.42015555625 0.15784921875 0.3929111109375 0.157653125 0.36745694375000004 0.1481484375 0.3892791671875 0.11036484375 0.424697221875 0.05113671875 0.47373611093749995 0 0.51641944375
7 0 0.46193055625 0.06951796875 0.4101666671875 0.11496015625 0.36294305625 0.0690078125 0.43831944375000004 0.02662890625 0.49371666718749996 0 0.5672763890625 0.00046406249999999996 0.6232083328125 0.0296921875 0.5491125 0.0388828125 0.5273180562500001 0.0547109375 0.5436638890625 0.08330390625 0.47464444375000003 0.0705390625 0.4655638890625 0.12466171875000001 0.366575 0.14253203125 0.33025000000000004 0.156828125 0.29392361093749997 0.1522328125 0.293015278125 0.127725 0.34205555625 0.08738828125 0.3792888890625 0.023565625 0.411075 0 0.4310541671875 0 0.46193055625
7 0.50177578125 0.47770694375 0.49271328125 0.49002083281250003 0.99921875 0.945402778125 0.99704453125 0.8609458328124999 0.502796875 0.46226944375 0.50177578125 0.47770694375
7 0.46501328124999997 0.6148374999999999 0.68405546875 0.9986111109375001 0.7693234375 0.9986111109375001 0.41752890625 0.48315694374999996 0.41038046875 0.4867888890625 0.47216171874999996 0.583052778125 0.46501328124999997 0.6148374999999999
2 0.46501328124999997 0.47861527812500004 0.42161328124999997 0.48860555625 0.76728046875 0.9971680562499999 0.99921875 0.9986111109375001 0.99921875 0.9472194437500001 0.4881171875 0.483484721875 0.4823734375 0.5240236109375 0.47369374999999997 0.5321958328124999 0.46501328124999997 0.47861527812500004
8 0.63350703125 0.622102778125 0.62482734375 0.6121138890625 0.614615625 0.6093888890625 0.61104140625 0.6202861109375 0.6043999999999999 0.65834305625 0.60848828125 0.670234721875 0.62431640625 0.6729597218750001 0.6299328125 0.6584291671875 0.63350703125 0.622102778125
8 0.65137734375 0.7410694437500001 0.64269765625 0.7401625000000001 0.63554921875 0.75196805625 0.6284015625 0.7773958328125 0.6284015625 0.783752778125 0.64014453125 0.797375 0.6523984375 0.7710388890625001 0.65648359375 0.75469305625 0.65137734375 0.7410694437500001
8 0.8224242187499999 0.8427833328125001 0.8234453125 0.8218958328125 0.8096593750000001 0.80645694375 0.8055749999999999 0.792834721875 0.7892359375 0.769222221875 0.77187578125 0.7483347218749999 0.7575796875 0.7601416671875 0.753775 0.7898958328125001 0.784640625 0.83551805625 0.7892359375 0.82734444375 0.80863828125 0.852772221875 0.8224242187499999 0.8427833328125001
4 0.69018203125 0.9986111109375001 0.4639921875 0.619377778125 0.471140625 0.5821444437500001 0.40906328125 0.4875708328125 0.36800234375 0.4867888890625 0.5610039062500001 0.9986111109375001 0.69018203125 0.9986111109375001
4 0.21316953125000002 0.449959721875 0.21521171875 0.4626736109375 0.202446875 0.45086805625000004 0.19325703125 0.4581333328125 0.19172499999999998 0.44905138906250003 0.19989453125 0.4417861109375 0.19172499999999998 0.4000111109375 0.19478828125 0.37639999999999996 0.18559765625 0.34816944375 0.1820234375 0.3499861109375 0.189171875 0.40538194375 0.18406640624999998 0.406290278125 0.17487578125 0.3572513890625 0.17232265625 0.35634305624999996 0.19683046875000001 0.51254444375 0.31477656249999997 0.9938625 0.46642031250000004 0.9986111109375001 0.21602421875000002 0.43200833281250006 0.21674375 0.4336125 0.214190625 0.42725555625 0.21316953125000002 0.449959721875
2 0 0.9986111109375001 0.2662703125 0.9980472218750001 0.1753859375 0.465397221875 0.169259375 0.42816388906249997 0.17181171875 0.39274583281250003 0.16670625 0.366409721875 0.1621109375 0.4100013890625 0.152409375 0.4136333328125 0.15719375 0.392884721875 0.13053984375 0.43402361093749997 0.08816093750000001 0.48033888906250005 0.055993749999999995 0.5466333328124999 0.0381234375 0.5284708328125001 0 0.626615278125 0 0.9986111109375001
2 0 0.513940278125 0.0498671875 0.46580833281249995 0.117775 0.355922221875 0.0611 0.418584721875 0 0.456727778125 0 0.513940278125
2 0.11378828125 0.4227388890625 0.1486859375 0.390409721875 0.1557140625 0.3744611109375 0.1605609375 0.3619611109375 0.159834375 0.34730555625 0.15668359375000002 0.3494611109375 0.1540265625 0.34139305625 0.15811171875000002 0.319597221875 0.14432578125 0.328677778125 0.0810125 0.4458291671875 0.08131406249999999 0.4442916671875 0.07549765625 0.458084721875 0.11378828125 0.4227388890625
7 0.14044609375 0.41929027812499997 0.07016640625000001 0.46929166718750004 0.08180937499999999 0.47652916718749994 0.14044609375 0.41929027812499997
5 0.1935515625 0.3440708328125 0.19079921875 0.3516375 0.19480234375 0.3756708328125 0.19079921875 0.3974791671875 0.19730468750000002 0.4406513890625 0.19155 0.45044305625 0.19430234375 0.459790278125 0.20356093749999998 0.44643750000000004 0.20606328125 0.45489444375000004 0.21557187500000002 0.46379583281250003 0.21857500000000002 0.4584541671875 0.21281953125 0.449552778125 0.2170734375 0.41439305624999995 0.22157734375000002 0.3712208328125 0.2268328125 0.35564305625000003 0.22808359375 0.369884721875 0.2320875 0.3658791671875 0.23458984374999997 0.38368194375 0.23383906250000003 0.41661805625000004 0.24509921875 0.4228486109375 0.24109609375000002 0.41127638906249997 0.24334765625000002 0.38145694375 0.24635078125 0.356977778125 0.24610078125 0.340509721875 0.24835234375 0.3462958328125 0.24885312499999998 0.3627638890625 0.25285703125 0.3609833328125 0.25310703125 0.342290278125 0.24985390624999998 0.3195916671875 0.2435984375 0.31158055625 0.24559999999999998 0.2977833328125 0.23984453125 0.294222221875 0.23333828125 0.2964486109375 0.23458984374999997 0.30979999999999996 0.2270828125 0.31380555625 0.22483046875 0.298227778125 0.21532187500000002 0.29244305625 0.21507187499999997 0.2853208328125 0.21582265625 0.2782 0.21206874999999997 0.266627778125 0.20606328125 0.2657375 0.2005578125 0.2733041671875 0.2022101953125 0.2845319765625 0.19230078125 0.2906625 0.18554375 0.3169208328125 0.18729609375 0.32626805625 0.195053125 0.32626805625 0.1935515625 0.3440708328125
5 0.18254140624999998 0.4068263890625 0.1905484375 0.40549166718749996 0.17753671875000002 0.32404305624999996 0.1832921875 0.3494125 0.18954765625 0.34496111093750004 0.17803750000000002 0.28799166718749997 0.1730328125 0.2853208328125 0.17403359375 0.279534721875 0.17228203125 0.2715236109375 0.16577578125 0.2692986109375 0.1635234375 0.279534721875 0.1570171875 0.28888194375 0.15451484375 0.30713055625 0.15751796875 0.3169208328125 0.15726796875 0.3289388890625 0.1535140625 0.34496111093750004 0.15676718750000002 0.352972221875 0.16002031249999998 0.3445166671875 0.16102109375 0.3560875 0.1532640625 0.4103875 0.1632734375 0.4081611109375 0.1700296875 0.35564305625000003 0.17428359375 0.3565333328125 0.18254140624999998 0.4068263890625
3 0.27552421875 0.3111388890625 0.270303125 0.30840694375 0.26999609375 0.32534305625000004 0.26508125 0.00046249999999999997 0.24972421875 0 0.2570953125 0.367872221875 0.2580171875 0.3706041671875 0.25740703125 0.3685 0.26999609375 0.371777778125 0.27552421875 0.3641291671875 0.27613828125 0.3499263890625 0.27552421875 0.3111388890625
3 0.149903125 0.10346527812499999 0.20518828125000002 0.185409721875 0.20457421875 0.264622221875 0.21133125000000003 0.26789999999999997 0.20948828125 0.1105666671875 0.20487578125 0.1099888890625 0.20611015625 0.1788541671875 0.1526671875 0.09745555624999999 0.149903125 0.10346527812499999
3 0.20733828124999998 0.18759444375 0.2312953125 0.22474305625 0.23068125 0.288659721875 0.23283125 0.29958472187499996 0.2365171875 0.29849305625 0.23528828124999998 0.1777611109375 0.23169453125 0.1753611109375 0.23098828125 0.21927916718749998 0.20918125 0.18486249999999999 0.20733828124999998 0.18759444375
3 0.2420453125 0.2012513890625 0.23836015625 0.19305694375 0.23928124999999997 0.2930291671875 0.2451171875 0.30067777812499996 0.2420453125 0.2012513890625
3 0.12663125 0.31053055625 0.1302453125 0.31324305625000004 0.128403125 0.1662888890625 0.12318124999999999 0.1684736109375 0.12663125 0.31053055625
3 0.09922421875000001 0.0004291671875 0.07618828125 0 0.07711015624999999 0.0048000000000000004 0.08540234375 0.0053458328125000005 0.08930625 0.2997166671875 0.10168124999999999 0.2968541671875 0.09431015625 0.0078638890625 0.09768828125 0.0078638890625 0.09922421875000001 0.0004291671875
7 0.27429609374999997 0.3105833328125 0.26907421875000004 0.30184305624999996 0.26846015625 0.3062138890625 0.28975546875 0.330652778125 0.29026718749999997 0.33134305625 0.29333828125 0.3264263890625 0.27429609374999997 0.3105833328125
7 0.29155078125 0.3176708328125 0.2916375 0.3119583328125 0.27132890625 0.3023208328125 0.2704609375 0.3045486109375 0.27957343749999997 0.3081 0.29155078125 0.3176708328125
2 0.27566796875 0.306865278125 0.27132890625 0.304240278125 0.27106796875 0.303777778125 0.27375859375 0.30995138906249997 0.29172421875 0.3261611109375 0.2918109375 0.3176708328125 0.27566796875 0.306865278125
9 0.0632625 0.313327778125 0.06849453125 0.310722221875 0.064815625 0.163965278125 0.059560156249999996 0.1602263890625 0.0632625 0.313327778125
0 0.30434453125 0.49710694375 0.33075546875 0.48684583281249993 0.33075546875 0.4951333328125 0.33519453125 0.5022388890625 0.35583593750000003 0.47776805624999996 0.3573890625 0.5105263890625 0.36981875 0.521972221875 0.3702625 0.4856611109375 0.46436796874999997 0.4773736109375 0.47036015625000005 0.52039444375 0.4823453125 0.5227625 0.48545234375 0.4825041671875 0.50343046875 0.48842361093750003 0.50365234375 0.44145694375 0.48523046875000003 0.443825 0.48256718750000005 0.42369583281249995 0.47524296875000005 0.4004083328125 0.46592109375 0.39961944374999997 0.46192656249999997 0.45132361093749995 0.36782109375 0.45882222187500005 0.3653796875 0.4130388890625 0.35406015625 0.41580138906249997 0.35317265625 0.43119444375000004 0.34296328125 0.411065278125 0.29269218750000003 0.392697221875 0.2785984375 0.4315888890625 0.28148359375 0.46869027812499997 0.30434453125 0.49710694375