7 0.9559739578125 0.9986979171874999 0.958059028125 0.9986979171874999 0.9982638890625 0.9986979171874999 0.9982638890625 0.9238385421875 0.282125 0.42408072968750005 0.953621528125 0.9986979171874999 0.9559739578125 0.9986979171874999
7 0.78166493125 0.5987213546875 0.9982638890625 0.6961458328125001 0.9982638890625 0.6486302078125 0.8559982640625 0.5933190109375001 0.78166493125 0.5987213546875
7 0 0.46018359374999995 0.09455555624999999 0.36447265624999997 0 0.43576953124999995 0 0.46018359374999995
7 0 0.40279166718750004 0.08513194375000001 0.3672330734375 0.000543403125 0.3916731765625 0 0.40279166718750004
10 0.47814409687500004 0 0.2361875 0.2604388015625 0.2309270828125 0.3972643234375 0.26599305625 0.41962890625 0.39398611093749997 0.4762005203125 0.409765625 0.5038294265625 0.52558506875 0.561921875 0.6201631937500001 0.5590846359375 0.6201631937500001 0.60381640625 0.9936180562500001 0.59723828125 0.9982638890625 0.3314830734375 0.9982638890625 0.1841341140625 0.9638125000000001 0.1841341140625 0.98485069375 0.0499401046875 0.9567986109375 0.0394153640625 0.9567986109375 0 0.47814409687500004 0
2 0.6219166671874999 0.60381640625 0.625421875 0.556453125 0.5447708328124999 0.56434765625 0.41151909687500005 0.49856640625 0.383465278125 0.47093880156249995 0.3140954859375 0.43763281249999997 0.9982638890625 0.9248268234375001 0.9982638890625 0.6906471359374999 0.790234375 0.6077630203125 0.6219166671874999 0.60381640625
4 0.718347221875 0.9986979171874999 0.96030555625 0.9986979171874999 0.22413194375 0.3902838546875 0.718347221875 0.9986979171874999
4 0.9982638890625 0.6506627609375 0.9982638890625 0.5954075515625 0.89367881875 0.6046158859374999 0.9982638890625 0.6506627609375
2 0.003421875 0.43237890625000003 0.09146006875 0.3667864578125 0.082605903125 0.3658372390625 0 0.40190104218749995 0.003421875 0.43237890625000003
3 0.1344635421875 0.26855859375 0.13256597187500002 0.3914622390625 0.1458454859375 0.3867161453125 0.143315971875 0.2661861984375 0.1344635421875 0.26855859375
3 0.1497239578125 0.37644921875000004 0.1584947921875 0.37437890625 0.15153819375 0.2918111984375 0.14774305625 0.293234375 0.1497239578125 0.37644921875000004
3 0.2369114578125 0.30130078125000004 0.19580555625 0.3008268234375 0.203234375 0.37687630156249996 0.2122482640625 0.375328125 0.208453125 0.3155364578125 0.23627951406249997 0.3174348953125 0.2369114578125 0.30130078125000004
3 0.04086805625 0.3088932296875 0.03302430625 0.3102708328125 0.041499999999999995 0.37627734375 0.047190971875 0.37627734375 0.04086805625 0.3088932296875
3 0.060472221874999996 0.37153125 0.0677482640625 0.3691901046875 0.060472221874999996 0.32312890625 0.05541319375 0.3245533859375 0.060472221874999996 0.37153125
3 0.013098957812500001 0.3785833328125 0.000394096875 0.2619153640625 0 0.3857669265625 0.013098957812500001 0.3785833328125