10 0.13125 0 0.13359375 0.0525095140625 0.15703125 0.07788583437499999 0.1578125 0.10834038125 0.140625 0.11679915468749999 0.14765625 0.2200021140625 0.165625 0.213234671875 0.1703125 0.269063425 0.196875 0.23015222031250002 0.2078125 0.302900634375 0.18828125 0.292750528125 0.18671875 0.3451966171875 0.2765625 0.34350528593749996 0.275 0.3096680765625 0.2609375 0.292750528125 0.2671875 0.272448203125 0.33203125 0.2707568703125 0.32734375 0.3248942921875 0.340625 0.3248942921875 0.3453125 0.2639894296875 0.37109375 0.262298096875 0.40390625 0.2842917546875 0.41015625 0.32658773750000003 0.4984375 0.3198202953125 0.503125 0.2859830859375 0.4734375 0.2859830859375 0.4765625 0.252145878125 0.50546875 0.23522832968750002 0.51171875 0 0.13125 0
7 0.37109375 0.260465115625 0.090625 0.997885834375 0.19609375 0.997885834375 0.39921875 0.282598309375 0.37109375 0.260465115625
7 0.8234375 0.997885834375 0.546875 0.1124735734375 0.54296875 0.15740380625 0.7296875 0.997885834375 0.8234375 0.997885834375
7 0 0.19492600468750002 0.13984375 0.12694925937499998 0.13984375 0.11003171249999999 0.15234375 0.10834038125 0.153125 0.0863467234375 0 0.1472515859375 0 0.19492600468750002
7 0 0.10824524375 0.1484375 0.0677357296875 0.1296875 0.0525095140625 0 0.0711205078125 0 0.10824524375
2 0.54140625 0.23522832968750002 0.50859375 0.25553065468749997 0.47734375 0.252145878125 0.47578125 0.2758308671875 0.50234375 0.282598309375 0.496875 0.331661734375 0.4125 0.3299704015625 0.40234375 0.2773784359375 0.196875 0.997885834375 0.73046875 0.997885834375 0.55078125 0.203082453125 0.54140625 0.23522832968750002
2 0 0.1472515859375 0.15078125 0.0863467234375 0.1546875 0.074503171875 0.14453125 0.06435306562500001 0 0.1103594078125 0 0.1472515859375
4 0.921875 0.997885834375 0.55078125 0.0744186046875 0.54765625 0.10834038125 0.81484375 0.997885834375 0.921875 0.997885834375
4 0 0.9847103593750001 0.07890625 0.997885834375 0.37265625 0.2656807609375 0.33671875 0.26737209375000004 0.34296875 0.331661734375 0.32734375 0.3350465109375 0.33203125 0.2758308671875 0.31875 0.274139534375 0 0.9200845671875 0 0.9847103593750001
4 0.00390625 0.23086680781250002 0.14375 0.164171246875 0.1390625 0.12694925937499998 0 0.194623678125 0.00390625 0.23086680781250002
11 0.02421875 0.2318435515625 0.0009765625 0.22663847812500001 0 0.338429175 0.03984375 0.3096680765625 0.02421875 0.2318435515625
6 0.415625 0.7427780125 0.3734375 0.6717209296875 0.9 0.7444693453125 0.88984375 0.6548033828125 0.94609375 0.666646934375 0.95390625 0.6395771671875 0.96953125 0.6903319234375 0.9984375 0.6987906984375 0.9990234375 0.5076131078125 0.9546875 0.5076131078125 0.96171875 0.48731078281249995 0.95546875 0.45347357343750005 0.940625 0.46024101406250006 0.92890625 0.43317336093750003 0.86484375 0.439940803125 0.821875 0.4974630015625 0.74375 0.4382473578125 0.73515625 0.402718815625 0.3765625 0.3401205078125 0.36953125 0.3925687109375 0.72109375 0.43655602499999996 0.7578125 0.4788520078125 0.7828125 0.60235729375 0.85 0.6158900640625 0.8734375 0.646344609375 0.87265625 0.676797040625 0.64453125 0.6564947140624999 0.30078125 0.6226575046875 0.3 0.6649534890625 0.34375 0.697099365625 0.33984375 0.7343192390625 0.31953125 0.7292431296874999 0.296875 0.7974630015625 0.67421875 0.8933509515625 0.675 0.7935327703125 0.415625 0.7427780125
5 0.55546875 0.05927695625 0.5578125 0 0.50859375 0.00175475625 0.50703125 0.05927695625 0.515625 0.05927695625 0.51015625 0.21492600468749998 0.5046875 0.23861099375 0.5234375 0.2414376328125 0.54765625 0.203082453125 0.546875 0.074503171875 0.55546875 0.05927695625
5 0.71640625 0.0711205078125 0.72578125 0.00175475625 0.68984375 0 0.67890625 0.0863467234375 0.6859375 0.09988160625 0.677734375 0.19704016875000002 0.7046875 0.1980063421875 0.709375 0.11003171249999999 0.71640625 0.0711205078125
3 0.6296875 0 0.6296875 0.0237484140625 0.63515625 0.027131078125000003 0.62890625 0.1251585625 0.65625 0.1320253703125 0.659375 0.025439746875000002 0.6671875 0 0.6296875 0