10 0.3294548609375 0.5963971359375 0.335956596875 0.5737864578125 0.2916354171875 0.5702395828125 0.3123177078125 0.5604856765624999 0.34482118125 0.5614737875 0.34482118125 0.5760026046875 0.41396180625 0.5733424484375 0.413371528125 0.5489583328125 0.39386979218749996 0.5480716140624999 0.39209722187499996 0.5400911453125 0.413371528125 0.5374322921875 0.415734375 0.52634765625 0.4269635421875 0.5259049484375 0.4393732640625 0.534328125 0.4399635421875 0.5431953125 0.45532812500000003 0.5383177078125 0.46360243125 0.5480716140624999 0.5268333328125 0.5635885421875 0.619612846875 0.5622591140625001 0.6367499999999999 0.5551653640625 0.652706596875 0.5374322921875 0.63556944375 0.53166796875 0.39800694375 0.5143776046874999 0.2792239578125 0.5254609375 0.28040625 0.5392044265625 0 0.5196979171875 0.0014774312499999998 0.6100833328124999 0.22308506874999998 0.58619921875 0.22544791718749999 0.603046875 0.25440451406250003 0.59861328125 0.30522743124999996 0.5990572921874999 0.3294548609375 0.5963971359375
7 0.652559028125 0.5817669265625 0.0019201390625 0.6655585937499999 0.0014479171875 0.6921588546875 0.652559028125 0.5906328125 0.652559028125 0.5817669265625
7 0.656546875 0.5994986984375 0.0029548609375 0.7513580734375 0 0.79962109375 0.65477430625 0.6127994796875 0.656546875 0.5994986984375
7 0.6487170140625 0.57155078125 0.6451718750000001 0.57155078125 0.5257986109375 0.6096783859375 0.000737846875 0.7491419265625 0.50452430625 0.6331757812500001 0.6475347218749999 0.5817473953125 0.6487170140625 0.57155078125
7 0.6677760421875 0.59900390625 0.66659375 0.6123385421875 0.7457812500000001 0.5906145828125 0.7457812500000001 0.5839635421875 0.6677760421875 0.59900390625
7 0.664081596875 0.5868151046875 0.7445989578125001 0.5773138015625 0.7422361109375 0.5693333328125 0.6642291671875 0.5799739578125 0.664081596875 0.5868151046875
7 0.56391493125 0.5731002609375 0 0.6643776046875 0.48236458281249994 0.60103125 0.5615520828125 0.5828541671874999 0.56391493125 0.5731002609375
7 0.4127795140625 0.5731002609375 0.33610416718749997 0.575734375 0.33418402812500003 0.5846276046875001 0.41041666718750003 0.5828541671874999 0.4127795140625 0.5731002609375
7 0.4457708328125 0.5740963546875 0.43339930625 0.5743411453125 0.431097221875 0.5810091140625 0.44747743125 0.5820338546875 0.4457708328125 0.5740963546875
7 0.6413125 0.5669283859375 0.46155381875 0.5743411453125 0.46044444375 0.5815221359375 0.64438368125 0.5740963546875 0.6413125 0.5669283859375
7 0.7640885421875 0.5797578125 0.764503471875 0.5865494796874999 0.77736805625 0.5825026046875 0.7781979171875 0.5772096359375001 0.7640885421875 0.5797578125
7 0.8180364578124999 0.5704205734375 0.8396163187499999 0.5660013015625001 0.8392013890625 0.5625768234375 0.817206596875 0.5660013015625001 0.8180364578124999 0.5704205734375
7 0.843765625 0.5675585937500001 0.8455295140624999 0.5603059890625001 0.8375416671875 0.5644453125 0.8404461812499999 0.5725390625 0.8466701390625 0.56942578125 0.843765625 0.5675585937500001
7 0.867315971875 0.5824817703125 0.9536319437499999 0.60896484375 0.9561232640625 0.6030494796875 0.8731249999999999 0.5772096359375001 0.867315971875 0.5824817703125
7 0.9798802078125 0.6151614578125 0.9982638890625 0.6220416671875 0.9982638890625 0.6145690109374999 0.9818524312499999 0.6067864578125 0.9798802078125 0.6151614578125
7 0.9814357640625 0.6031015625 0.9982638890625 0.60927734375 0.9982638890625 0.6030494796875 0.9843420140625 0.5962005203125 0.9814357640625 0.6031015625
7 0.8710503468749999 0.5719166671875 0.956019096875 0.5964869796875 0.9565381937499999 0.59153125 0.8735416671875 0.5681809890625 0.8710503468749999 0.5719166671875
4 0.7471788187499999 0.5885559890625001 0.6668524312499999 0.6113385421875 0.6688107640625 0.6157486984375 0.6560763890625 0.6216276046875 0.6453020828125 0.6142786453125 0.002449653125 0.8019127609375 0.0014427078125 0.8959348953124999 0.7464635421875 0.60078515625 0.7471788187499999 0.5885559890625001
2 0.0017083328125000001 0.6954127609375 0 0.7509973953125 0.5278611109375 0.6084375 0.0017083328125000001 0.6954127609375
2 0.64900694375 0.5900013015625001 0.6037395828125 0.5981627609375 0.49390451406249997 0.6349921875 0.6539184031249999 0.6002682296875 0.6542708328125 0.59237109375 0.64900694375 0.5900013015625001
2 0.6662013890625 0.5890208328125001 0.6684826390625 0.5981458328125 0.7444531249999999 0.5840182296875 0.7430503468749999 0.57559375 0.6662013890625 0.5890208328125001
2 0.5621319437500001 0.5778554687499999 0.56140625 0.58384375 0.4825017359375 0.6007005203125 0.581722221875 0.5909192703125 0.6375920140625 0.57295703125 0.5621319437500001 0.5778554687499999
4 0.3337604171875 0.5850559890625 0.328953125 0.5975885421875 0.4073142359375 0.5907838546875 0.40949131875000006 0.58398046875 0.3337604171875 0.5850559890625
4 0.43035243124999994 0.5904973953125 0.45012326406250003 0.5899674484374999 0.4468576390625 0.58234765625 0.432347221875 0.5812591140625 0.43035243124999994 0.5904973953125
4 0.456199653125 0.5904973953125 0.52921006875 0.5785364578125 0.45955555625000005 0.58153125 0.456199653125 0.5904973953125
4 0.76121006875 0.5948671875 0.761390625 0.5972994796875 0.7862413187499999 0.58561328125 0.7782604171874999 0.5820755203125 0.764112846875 0.5861575515624999 0.76121006875 0.5948671875
5 0.197690971875 0.5067682296875 0.1799079859375 0.5022265625 0.1799079859375 0.5087552078125 0.167043403125 0.5161354171875 0.167800346875 0.5189739578125 0.1719635421875 0.5192578125 0.172625 0.53071484375 0.2048802078125 0.5334505203125001 0.1957986109375 0.5141484375 0.197690971875 0.5067682296875
5 0.42574479218750005 0.5252122390625 0.4162864578125 0.52549609375 0.41666493125 0.5342942703125 0.3886666671875 0.5436614578125 0.3909357640625 0.54990625 0.41779861093750004 0.5396875 0.4128802078125 0.582265625 0.40389409687500005 0.59066015625 0.430284721875 0.5927682296875 0.43860937499999997 0.5587057296875 0.43860937499999997 0.5323072921875001 0.42574479218750005 0.5252122390625
5 0.4563923609375 0.5896458328125 0.4719045140625 0.5561510421875 0.45677083281249997 0.5391197921875001 0.44125694375 0.541390625 0.436527778125 0.5640572921875 0.448824653125 0.560125 0.4469322921875 0.587375 0.4397447921875 0.5913489578125 0.4563923609375 0.5896458328125
5 0.6524739578125 0.5723281250000001 0.6547447921875 0.6123515625 0.6471770828125 0.6154739578124999 0.64755555625 0.6174609375 0.667987846875 0.616609375 0.66496006875 0.5731796874999999 0.67290625 0.5683541671875 0.67744618125 0.5337239578124999 0.6585277781250001 0.5183958328125 0.6494479171875 0.5232213546875 0.652190971875 0.5381640625 0.63847569375 0.5550130203125 0.6411232640625 0.5714765625 0.6524739578125 0.5723281250000001
5 0.6971197921875001 0.5584192703124999 0.7046875 0.5555807296874999 0.7027951390625 0.541671875 0.69144444375 0.5351432296875 0.68624305625 0.5402916671875 0.6812291671875 0.5652317703125 0.6982552078125 0.5694895828125001 0.6971197921875001 0.5584192703124999
5 0.7678732640625 0.5487682296874999 0.75841493125 0.5388333328125 0.7523611109375 0.5388333328125 0.7489548609375001 0.5482005203125 0.739496528125 0.5473489578125 0.7417673609375 0.562109375 0.7439427078125 0.5988190109375 0.760684028125 0.5987265625 0.7640902781250001 0.5711927078125 0.7678732640625 0.5609739578124999 0.7678732640625 0.5487682296874999
5 0.8204652781249999 0.57403125 0.8102482640625001 0.557 0.8053298609375 0.5567161453125 0.801925346875 0.5496197921875 0.791331596875 0.5504713546875 0.7898177078125 0.5575677078125 0.7743055562500001 0.5831145828125 0.787546875 0.585953125 0.7827239578125 0.6101692703125 0.806465278125 0.609796875 0.8072222218749999 0.5868046875 0.8140329859375001 0.5953203125 0.8204652781249999 0.57403125
5 0.8665295140625 0.6308020828124999 0.8631249999999999 0.5873723953125001 0.8672864578124999 0.5873723953125001 0.8710694437500001 0.5567161453125 0.87447569375 0.5516067703124999 0.8510173609375 0.5433749999999999 0.84836805625 0.5595546875 0.8351267359375001 0.5626770828125001 0.8366388890625001 0.5879401046875 0.8438281249999999 0.58765625 0.8491250000000001 0.6211510421875001 0.8366388890625001 0.6225846359375 0.8449635421874999 0.6288151046875 0.8449635421874999 0.6313697921875 0.8665295140625 0.6308020828124999
10 0.6489236109375 0.5246614578125001 0.6604427078125 0.5200859375 0.6780607640625 0.5333033859375 0.6777222218750001 0.5475377609375001 0.6834826390625001 0.548046875 0.6912760421875 0.5348294265625 0.70211805625 0.5388958328125 0.703472221875 0.5495716140625 0.73227256875 0.5495716140625 0.733628471875 0.5188151046875 0.7251579859375 0.5139856765624999 0.7109270828125 0.51678125 0.7102482640625001 0.5053424484375 0.689581596875 0.4972083328125 0.6214791671875 0.49568359375000004 0.62046180625 0.5289388015625 0.63028819375 0.53076171875 0.6540052078125 0.5386419265625 0.6489236109375 0.5246614578125001
3 0.9982638890625 0.23028515624999998 0.09235069375 0.2638776046875 0.08899305625000001 0.29117187499999997 0.0442170140625 0.3025091140625 0.052612846874999994 0.3079674484375 0.074440971875 0.30334895781250004 0.08451562500000001 0.32182421875 0.0604479171875 0.5241106765625 0.0839548609375 0.5253697921875 0.1035451390625 0.2885052078125 0.9868958328125 0.2612109375 0.9835364578125001 0.28430598906250004 0.97961805625 0.28430598906250004 0.9751406250000001 0.2939635421875 0.9885746531249999 0.2943828125 0.9818576390624999 0.34351171875 0.974581596875 0.3443515625 0.972902778125 0.3603072921875 0.9829774312499999 0.3598880203125 0.9544322921875 0.61757421875 0.98350868125 0.6247877609375 0.9982638890625 0.3768776046875 0.9982638890625 0.23028515624999998
3 0.48341493125 0.4030911453125 0.47194097187499995 0.5227864578125 0.482015625 0.5232057296875 0.49488888906249995 0.4047942703125 0.48341493125 0.4030911453125
3 0.9711961812500001 0.4560221359375 0.9717552078124999 0.4463645828125 0.5642916671875 0.4379661453125 0.553378471875 0.5237760421875 0.56485069375 0.5269856765625 0.5726875 0.44972265624999996 0.9711961812500001 0.4560221359375
3 0.9186111109375 0.5652291671875 0.929246528125 0.5696875 0.9454774312499999 0.4567330734375 0.9337239578125001 0.4563138015625 0.9186111109375 0.5652291671875