10 0.07554340312499999 0.46343359375000004 0.1118645828125 0.4686510421875 0.109546875 0.48140625000000004 0.1211388890625 0.48227604218750003 0.12307118125000001 0.47097005156250005 0.25058506875000003 0.4874947921875 0.2969548609375 0.48546484375 0.2969548609375 0.47270963593750004 0.29 0.4680716140625 0.29425 0.45531640624999997 0.1207517359375 0.443140625 0.1211388890625 0.3970481765625 0.031105903125 0.3961783859375 0.023184028125 0.45325651093749997 0.0593142359375 0.45531640624999997 0.06433680625 0.47415885468749996 0.07554340312499999 0.46343359375000004
10 0.34940972187499997 0.47778124999999994 0.3424548609375 0.48415885468750003 0.332793403125 0.48212890625 0.329703125 0.49198567656250003 0.3555920140625 0.49285546875 0.3579114578125 0.4728528640625 0.354046875 0.46763411406250005 0.35906944375 0.4612565109375 0.336175346875 0.4601393234375 0.33897743125 0.4743020828125 0.34631770781250004 0.47459244843750004 0.34940972187499997 0.47778124999999994
10 0.43789756874999997 0.5143072921875 0.446784721875 0.51459765625 0.445625 0.4992330734375 0.47731076406249995 0.4986536453125 0.48310763906250004 0.5073502609375 0.48581250000000004 0.5261927078124999 0.49972222187500004 0.53373046875 0.5163385421875 0.52822265625 0.5267708328125 0.5212643234375001 0.53952256875 0.5264830734375 0.5433871531250001 0.5403984375 0.5538194437499999 0.5424270828125 0.5712083328124999 0.5403984375 0.58396006875 0.5346002609375 0.607144096875 0.524453125 0.6826875 0.5548919265625 0.9982638890625 0.6212955734375 0.9982638890625 0.44104557343749995 0.5635104171875 0.4457890625 0.4479635421875 0.4718776046875 0.381574653125 0.46333984375000004 0.38789756875000003 0.4789934890625 0.3904270828125 0.49037760468749997 0.37714930625 0.494171875 0.38399305625 0.5003502609375 0.408144096875 0.5067708328125 0.411234375 0.4969140625 0.43519270781249997 0.5085091140625 0.43789756874999997 0.5143072921875
7 0 0.5919244796875 0.073472221875 0.5091744796875 0.072730903125 0.4891822921875 0.15860243125 0.5241705734375001 0.46285069375 0.9986979171874999 0.5775920140624999 0.9986979171874999 0.1958125 0.5324921875 0.7291215281250001 0.7243658859375001 0.9982638890625 0.8650013015625 0.9975937500000001 0.7516210937500001 0.7752604171875 0.68184765625 0.60524131875 0.5968138015625 0.871168403125 0.6731263015625 0.9982638890625 0.7080130203125 0.9982638890625 0.6513229171875 0.5892552078125 0.5281315109375 0.5761770828125 0.544484375 0.895871528125 0.6524127609375 0.5790833328125 0.5793697921875001 0.4105173609375 0.49869531250000004 0.4105173609375 0.5106875 0.522409721875 0.56846875 0.317515625 0.52158984375 0.32042187499999997 0.53576171875 0.5572864578125001 0.5979036453125001 0.7127743062499999 0.6742174484375 0.17510590312500002 0.5128684890625 0.15341493125 0.4921875 0.1220607640625 0.4781848953125 0.11982118125 0.48098567656249996 0.14371006875 0.49498828125000005 0.1586423609375 0.5106705734375 0.0746545140625 0.4860260421875 0.056737846875 0.46250390625 0.04811805625 0.4602604171875 0.0631076390625 0.49417968749999996 0 0.5624895828125 0 0.5919244796875
7 0.30272569374999997 0.5182317703125 0.12644618125 0.4777447921875 0.15677604218750002 0.4944283859375 0.30309895781249996 0.5325130203125 0.30272569374999997 0.5182317703125
2 0.00139930625 0.9986979171874999 0.466265625 0.9986979171874999 0.1637013890625 0.5266979171874999 0.07338368125 0.4895794265625 0.0700416671875 0.5101484375 0.000496528125 0.5901041671875 0.00139930625 0.9986979171874999
2 0.1440954859375 0.49546875 0.1225104171875 0.4822330734375 0.109019096875 0.48129817656249996 0.109434028125 0.4789622390625 0.067715278125 0.47365625 0.07414930625 0.48550260468750006 0.1580017359375 0.5097942703125 0.1440954859375 0.49546875
2 0.156609375 0.4932447921875 0.17660763906250002 0.51370703125 0.7272326390625 0.6847460937500001 0.5533802078125001 0.5947317703125 0.156609375 0.4932447921875
2 0.5445138890625 0.5428841140625 0.540840278125 0.5309427078125 0.5273732640625 0.5245130203125 0.5086006937499999 0.5324739578125001 0.489828125 0.5229830734375 0.49146006875000003 0.51777734375 0.45391493125000004 0.5085924484375 0.44534375 0.514609375 0.5787934031249999 0.5802356765625001 0.868140625 0.6436132812500001 0.5673680562500001 0.5398216140625001 0.5445138890625 0.5428841140625
2 0.605902778125 0.5950520828125 0.8141145828124999 0.6987799484375 0.9982638890625 0.7543190109375 0.9982638890625 0.69415234375 0.605902778125 0.5950520828125
4 0.380090278125 0.50607421875 0.4183107640625 0.5464270828125 0.527109375 0.5699596359375 0.41039756875 0.5086888015625 0.380090278125 0.50607421875
4 0.1950989578125 0.52565625 0.5835208328125 0.9986979171874999 0.79753819375 0.9986979171874999 0.1950989578125 0.52565625
4 0.64500694375 0.6886822921875 0.2143125 0.5445013015625 0.9982638890625 0.9986979171874999 0.9982638890625 0.8527916671875 0.799902778125 0.7427942703125 0.64500694375 0.6886822921875
4 0 0.5638111984374999 0.0627135421875 0.4918841140625 0.051987846875 0.47863671874999997 0.03688368125 0.4794036453125 0.0390729171875 0.5063346359375 0 0.5358945312500001 0 0.5638111984374999
4 0.9982638890625 0.6555403640625 0.9982638890625 0.6218359375 0.6846701390625001 0.5533528640625 0.9982638890625 0.6555403640625
5 0.29496180625 0.45532291718750006 0.2915625 0.46807421875 0.29722743125 0.4718984375 0.29467881875 0.5008020828124999 0.2983611109375 0.5029270828125 0.30147743125000004 0.5388424484375001 0.3128072921875 0.5401184890625 0.32215625000000003 0.5339544265625 0.32215625000000003 0.5146158859375001 0.328671875 0.49336328125 0.3306545140625 0.48061197968749997 0.3442517359375 0.4861380203125 0.3499166671875 0.4810377609375 0.3476510421875 0.4742369796875 0.33830381875 0.47444921874999996 0.336887153125 0.4642486984375 0.3295208328125 0.45234765625 0.33575347187500004 0.4434205734375 0.3119583328125 0.44063671875 0.311675346875 0.44299609375 0.3077083328125 0.45234765625 0.29496180625 0.45532291718750006
5 0.35473263906249997 0.49293880156250003 0.35926562500000003 0.49357552031249996 0.36153124999999997 0.5099401046875001 0.355300346875 0.5152526046875 0.355300346875 0.5294921875 0.381644096875 0.5356549484375 0.38674305625 0.5275794265625 0.372296875 0.5277916671875 0.373996528125 0.5214166671875 0.38249479218750004 0.4920885421875 0.3884427078125 0.49166276093750005 0.38872569375 0.4704114578125 0.37342881875 0.46084765625 0.3796614578125 0.4500091140625 0.3671979171875 0.44618359375 0.3612482640625 0.4500091140625 0.36238194375 0.4563854171875 0.35161631875 0.4661315109375 0.35614930624999996 0.4738111984375 0.3499166671875 0.4803997390625 0.35473263906249997 0.49293880156250003
3 0.1920017359375 0.3491744796875 0.1840138890625 0.45153515625 0.20244618124999997 0.45291796875 0.20121875 0.3432135421875 0.1920017359375 0.3491744796875
3 0.22702256875 0.3091041671875 0.2257951390625 0.45516015625 0.23562500000000003 0.45522265624999997 0.2411545140625 0.31002604218749996 0.22702256875 0.3091041671875
3 0.2522135421875 0.38101171875 0.24883506875 0.4499752609375 0.26143055625 0.45660546875 0.26573090312500003 0.38377734375 0.2522135421875 0.38101171875
3 0.29952256875 0.3708697921875 0.3025954859375 0.4511276046875 0.3136545140625 0.44600390624999997 0.3197986109375 0.3708697921875 0.29952256875 0.3708697921875
3 0.352362846875 0.34136979218749997 0.3594270828125 0.45688802031250003 0.3732517359375 0.44093359374999996 0.37202256875 0.3418307296875 0.352362846875 0.34136979218749997
3 0.40520138906250003 0.3349166671875 0.3985954859375 0.3428385421875 0.3984427078125 0.46905078125 0.4131875 0.46997265625000006 0.4174895828125 0.3349166671875 0.40520138906250003 0.3349166671875
3 0.2323107640625 0 0.9872170140625001 0.16693750000000002 0.9609010421875 0.4383893234375 0.9982638890625 0.4494947921875 0.9982638890625 0.10154166718749999 0.48888020781249997 0 0.2323107640625 0