10 0.00063359375 0 0 0.22441796875 0.01822578125 0.22652421875 0.050557031249999995 0.21891484375 0.06767421875 0.2284265625 0.07401328125 0.2360359375 0.089228125 0.24110937500000001 0.10063906250000001 0.23096328124999999 0.1329703125 0.27345078125 0.18622265625 0.3032546875 0.20841015624999998 0.300084375 0.209678125 0.35208359375 0.22742890624999998 0.374278125 0.25151875 0.36793671875 0.25278671875000003 0.39266796875 0.24771562500000002 0.39647265625 0.24771562500000002 0.4123265625 0.25532265625 0.4281796875 0.2705375 0.44213125 0.30603828125 0.45227734374999995 0.31618124999999997 0.45227734374999995 0.35992421874999997 0.4795453125 0.3909875 0.47573984375 0.41396796875 0.49868984375 0.4437640625 0.51073828125 0.45644296874999996 0.5113726562500001 0.49955078124999996 0.57224921875 0.54836484375 0.5881031250000001 0.5870359374999999 0.5728835937500001 0.6111257812499999 0.51517734375 0.6225367187499999 0.4581046875 0.6193671875 0.446690625 0.66057421875 0.437178125 0.68704140625 0.44795859374999997 0.739659375 0.46127578125 0.78847265625 0.42449531250000005 0.804321875 0.38898359375 0.81826875 0.45430000000000004 0.8620109375 0.5082015625 0.9133609375 0.52849375 0.9374507812499999 0.50693359375 0.9991023437500001 0.42069375000000003 0.99921875 0.26025703125 0.99921875 0.1563234375 0.9147875000000001 0.15061640625 0.9103492187500001 0.1734453125 0.8773843749999999 0.1740796875 0.8723124999999999 0.15505546875 0.86026796875 0.13793359375 0.8406156250000001 0.13476328125 0.82983828125 0.1404703125 0.8165250000000001 0.17027421874999998 0.8044804687499999 0.1728109375 0.7822921875 0.16900625 0.7822921875 0.12208046875 0.77658671875 0.09671484375 0.7499609375 0.0891046875 0.73664765625 0.00040625000000000004 0.705584375 0.00040625000000000004 0.71636171875 0.09298984375 0.6897359375 0.0955265625 0.6846640625 0.0625515625 0.6599398437499999 0.04352734375 0.6377515625 0.041625 0.6225375 0.047966406249999996 0.62317109375 0.0371859375 0.63901953125 0 0.00063359375 0
7 0 0.299871875 0.09272109375000001 0.36789375 0.43243828124999995 0.6097109374999999 0.9788 0.99921875 0.99921875 0.99921875 0.99921875 0.87710859375 0.7941390625 0.7501421875000001 0.47132421874999997 0.5523304687499999 0.24230625 0.41863124999999995 0 0.25520312500000003 0 0.299871875
7 0.9959953125000001 0.6603117187499999 0.99921875 0.63060078125 0.6331226562500001 0.45068906249999996 0.6122140625 0.50315703125 0.98114453125 0.7080054687499999 0.9959953125000001 0.6603117187499999
7 0.99921875 0.57117890625 0.99921875 0.50784765625 0.9506609375 0.48908281249999996 0.910015625 0.5242671875 0.8607734375 0.50550234375 0.81465703125 0.4625 0.81465703125 0.4413890625 0.788471875 0.43212578125 0.73805703125 0.4570265625 0.66771015625 0.43982578125 0.99921875 0.57117890625
2 0.4914515625 0.57049296875 0.45549687499999997 0.51107109375 0.41328828125 0.49699765625000003 0.3867125 0.47666953124999994 0.35779218749999997 0.48136015624999995 0.315584375 0.44930390625000005 0.2991703125 0.4539953125 0.99921875 0.88402109375 0.99921875 0.8425828125000001 0.979190625 0.78003359375 0.979971875 0.7401578125 0.98388046875 0.7104468749999999 0.61455859375 0.50630234375 0.5860289062499999 0.56423828125 0.55710859375 0.5798757812499999 0.4914515625 0.57049296875
2 0.62628359375 0.44963437500000003 0.99921875 0.63382421875 0.99716796875 0.57909375 0.66575546875 0.43835781249999994 0.62628359375 0.44963437500000003
2 0.98544375 0.44930390625000005 0.9526148437499999 0.48676171874999996 0.99921875 0.51419921875 0.99921875 0.45555859375 0.98544375 0.44930390625000005
7 0.99921875 0.45555859375 0.99921875 0.42584765625000004 0.98192578125 0.44768046874999995 0.99921875 0.45555859375
2 0 0.25427421875 0.2516859375 0.42784843749999996 0.2516859375 0.36920859375 0.22901875 0.3715546875 0.20713281249999999 0.35278984375 0.20244296875 0.29962265625 0.17352265625000002 0.29727734375 0.12271640624999999 0.2574015625 0.09926718749999999 0.234728125 0.08207109375 0.24098281250000003 0.04924296875 0.22143593749999999 0.0031265625 0.22925468750000003 0 0.22296093749999998 0 0.25427421875
4 0 0.463040625 0.5189843749999999 0.99921875 0.9754578125 0.99921875 0 0.30118671875 0 0.463040625
9 0.82794453125 0.0008328125 0.78261015625 0 0.7724484375 0.1001296875 0.78026484375 0.17049765625 0.81543828125 0.17675234374999998 0.82794453125 0.0008328125
0 0.22437187500000003 0.25001640625 0.21011875 0.25937265625 0.21279140624999998 0.29145078125 0.2021015625 0.29989296875 0.20477421875 0.352465625 0.22392656249999998 0.37251484375 0.24931406250000002 0.36805937499999997 0.25198671875 0.3952375 0.2484234375 0.40013828125 0.249759375 0.42508828125000003 0.29964453125 0.45583046875 0.31890859374999997 0.44732265625 0.35676796875 0.48073750000000004 0.38794609375 0.47539140625 0.41066171875 0.49633125 0.4560921875 0.50880625 0.48682499999999995 0.5555875 0.5327015625 0.57207265625 0.58214140625 0.5604882812499999 0.59973515625 0.52745703125 0.6139875 0.48735859374999996 0.62066875 0.4481515625 0.7903671875 0.4107265625 0.7908125 0.44013203125 0.84916015625 0.45795312499999996 0.9101804687499999 0.47443828125 0.9507125000000001 0.43745859375 0.9667468749999999 0.38711328125 0.9027203125 0.36216328125 0.9004929687500001 0.38087578125 0.88401328125 0.3795390625 0.86797890625 0.395578125 0.83858203125 0.39067734375 0.8448179687499999 0.3857765625 0.849271875 0.35681640625 0.8091859375 0.3545890625 0.60563671875 0.389340625 0.5958375 0.35681640625 0.56822265625 0.3046890625 0.46800703125 0.30246171875 0.44818671875 0.32525546875 0.372690625 0.2892234375 0.27514765625000004 0.26293671875 0.22437187500000003 0.25001640625