5 0.647309028125 0.5430299484375001 0.64782118125 0.55147265625 0.64782118125 0.5629856765625 0.659331596875 0.5633697921875 0.661378471875 0.5537760421875 0.6624010421875 0.5407278640625 0.6690520828125 0.5330533859375 0.664190971875 0.5228841140625 0.6565173609375 0.5159765625 0.651402778125 0.5134817703125 0.6488437499999999 0.5211575515625 0.640659721875 0.5284479171875 0.640659721875 0.5390013015624999 0.647309028125 0.5430299484375001
5 0.2558611109375 0.5180351562500001 0.25884375 0.5110416671875 0.248402778125 0.5046067703125 0.2390798609375 0.5113216140625 0.227402778125 0.5260559890625001 0.2592170140625 0.5269869796875 0.25884375 0.5225104171875 0.2558611109375 0.5180351562500001
5 0.2871857640625 0.5191536453125 0.280847221875 0.5143984374999999 0.27413368125000004 0.5074049484375001 0.2677951390625 0.5169153640624999 0.25955555625 0.5257057296875 0.258472221875 0.5292239578125 0.289050346875 0.5289453125 0.2871857640625 0.5191536453125
5 0.8065086812500001 0.5403671875 0.8061180562500001 0.5280403640625 0.80494444375 0.5160065109375 0.8013420140624999 0.516375 0.7982916671875 0.527453125 0.79672743125 0.5383138015625 0.79633506875 0.5435963546875 0.8065086812500001 0.5403671875
5 0.7599479171875 0.5468255203125 0.7591649312500001 0.5350846359375 0.7622951390625 0.51894140625 0.7504947921875 0.5204075515625 0.746253471875 0.53126953125 0.74977430625 0.53978125 0.751340278125 0.5459440109375 0.7599479171875 0.5468255203125
5 0.7849895828125 0.5374322921875 0.78733680625 0.5277473953125 0.7755989578125 0.52099609375 0.7763802078125 0.5347916671874999 0.77716319375 0.5459440109375 0.7799027781250001 0.5494661453125 0.7849895828125 0.5374322921875
5 0.8303767359374999 0.5204088546875 0.8237239578125 0.5171809890625 0.8186388890625 0.51894140625 0.817855903125 0.5321497390625 0.8233333328124999 0.53801953125 0.8307673609374999 0.5309752609375 0.8303767359374999 0.5204088546875
7 0.34780381875 0.6270416671875 0.4414201390625 0.6049700515625 0.5582170140625 0.57888671875 0.6366753468749999 0.5628359374999999 0.64113368125 0.5548098953125 0.486890625 0.5835690109375 0.29698437499999997 0.6170091140625 0.05714930625 0.6604817703125 0 0.6651627609374999 0.0054375 0.7046223953124999 0.044668403125 0.68790234375 0.23992361093749998 0.6444296875 0.34780381875 0.6270416671875
7 0.213175346875 0.6491119796875 0.34869618125 0.6270416671875 0.4556857640625 0.6089830734375 0.5706996531249999 0.59092578125 0.69730381875 0.5728671875 0.83014930625 0.5521341140625 0.9638854171875 0.5307330734375 0.8925590281250001 0.54143359375 0.8158836812500001 0.5514661453125 0.6714479171875001 0.5701927078125 0.52433680625 0.58758203125 0.2239322921875 0.6293502609375 0.004546875000000001 0.6678385421875 0.006329860937499999 0.6945911453125 0.213175346875 0.6491119796875
7 0.77041319375 0.57821875 0.8524375 0.5574856765625 0.9023663187500001 0.544109375 0.7971597218750001 0.5648424484375 0.644699653125 0.5929322921875 0.52433680625 0.6176783859375 0.352262153125 0.6524557296875 0.154331596875 0.7012786453125 0.00891319375 0.7404804687500001 0.0090052078125 0.7822044265625 0.45211979218750004 0.6571380203125 0.6598576390625001 0.60095703125 0.77041319375 0.57821875
7 0.643809028125 0.5842369796875 0.71156944375 0.5568164062500001 0.6937378468750001 0.5568164062500001 0.5992291671875 0.5869127609375 0.4851076390625 0.6216901046875 0.3415642359375 0.6551315109375 0.15789756875 0.7019479171875 0.0100260421875 0.74131640625 0.01346180625 0.7822044265625 0.472625 0.6517864578125 0.5796145828125 0.6043020828125 0.643809028125 0.5842369796875
7 0.9977656250000001 0.5675169265625 0.956753471875 0.5594921875 0.9237638890625 0.5487903640625 0.9059322921874999 0.5400963546875001 0.91752430625 0.5528033859375 0.9603194437499999 0.5661796875 0.9968732640625 0.5742057296875 0.9977656250000001 0.5675169265625
7 0.96210243125 0.5327395828125 0.951123621875 0.5378075812499999 0.9677963015625 0.53468088125 0.96210243125 0.5327395828125
7 0.94369433125 0.5412370609375 0.951123621875 0.5378075812499999 0.942487846875 0.5394270828125001 0.94369433125 0.5412370609375
7 0.94369433125 0.5412370609375 0.9389218749999999 0.5434401046875 0.94724324375 0.54656116875 0.94369433125 0.5412370609375
7 0.956582859375 0.5500641453124999 0.94724324375 0.54656116875 0.9487291671875001 0.5487903640625 0.956582859375 0.5500641453124999
7 0.956582859375 0.5500641453124999 0.9977656250000001 0.5655104171875001 0.9982638890625 0.5588229171875 0.9817170140625 0.5541406249999999 0.956582859375 0.5500641453124999
2 0.34589236093750003 0.6323645828125 0.0044114578125 0.69703125 0.0044184031249999995 0.7393736984375 0.5482812499999999 0.6009309890625001 0.577703125 0.5908997390625 0.34589236093750003 0.6323645828125
2 0.9601909718750001 0.5514401046875 0.93522569375 0.5420768234375 0.942359375 0.5353880203125 0.942359375 0.53471875 0.913828125 0.5427447921875 0.9530572921875 0.5574583328125 0.9824791671875 0.56280859375 0.9601909718750001 0.5514401046875
2 0.6632951390625 0.5788606765625001 0.59933680625 0.5967630203125001 0.7087656250000001 0.5815364578125 0.8549843750000001 0.5474270828125001 0.6632951390625 0.5788606765625001
4 0.5536302078124999 0.63102734375 0.23711979218749998 0.7219856765625 0.011550346875 0.7868593749999999 0 0.8624348953125001 0.609800346875 0.6383841140625 0.7488854171875 0.5862174484375 0.5536302078124999 0.63102734375
10 0.363328125 0.5875546875000001 0.4079079859375 0.5788606765625001 0.40344965312500003 0.5601341140625 0.38115972187499997 0.55946484375 0.391859375 0.54943359375 0.4257395828125 0.54943359375 0.43732986093750004 0.53739453125 0.0083948 0.5273808015625 0.0031302078125 0.6102942703124999 0.17253125 0.5962500000000001 0.264362846875 0.5835416671875 0.3169670140625 0.57819140625 0.32499131875 0.5862174484375 0.363328125 0.5875546875000001
10 0.44178819375 0.5434140625 0.43732986093750004 0.5601341140625 0.45961979218750004 0.5601341140625 0.48547569375000005 0.558796875 0.512222221875 0.5554518234375 0.5113315968750001 0.5420768234375 0.5336197921875 0.53739453125 0.6076215281249999 0.5474270828125001 0.6735989578125 0.5447513015625 0.6985625 0.5367252609375 0.7003454859375 0.5420768234375 0.7181770828125 0.5434140625 0.7413576390625 0.5320442703125 0.7520572921875 0.5240182296875 0.797527778125 0.5240182296875 0.8037690968750001 0.4986041671875 0.7859375 0.49927213593750003 0.7734548609375 0.4925846359375 0.7467083328124999 0.4818841140625 0.680730903125 0.48121484375 0.680730903125 0.49124739531249995 0.6851892359375 0.5146549484375 0.694996528125 0.5173307296874999 0.5942482640625 0.5159921875 0.47566840312499997 0.5106419265625 0.3686979171875 0.5232330734375 0.3651111109375 0.5333815109375 0.43911284687499996 0.5367252609375 0.44178819375 0.5434140625
4 0.41236631875 0.5848802078124999 0.5764166671875001 0.5668216140625 0.57374131875 0.562140625 0.41147395781249996 0.572171875 0.40885300156250004 0.5710487640624999 0.41236631875 0.5848802078124999
7 0.40969097187500003 0.56280859375 0.41949826406249996 0.56816015625 0.622777778125 0.5601341140625 0.621887153125 0.5507708328125 0.40969097187500003 0.56280859375
3 0.8991684031249999 0.5293684890625 0.9161076390625 0.5300377609375 0.9161076390625 0.43239192656250003 0.99813368125 0.4310546875 0.9982638890625 0.419015625 0.914324653125 0.4210221359375 0.9187829859375001 0.3701927078125 0.9276979171875 0.3541419265625 0.900059028125 0.3554791671875 0.8982760421875 0.3608294265625 0.9045173609375 0.36617968749999996 0.906300346875 0.42169140625 0.6245607640624999 0.4277096359375 0.6192118062499999 0.5133177078125 0.6352604171875 0.4364049484375 0.9009513890624999 0.43239192656250003 0.8991684031249999 0.5293684890625
3 0.9982638890625 0.21925390625 0.9775954859375 0.2205559890625 0.9637013890624999 0.163234375 0.967175346875 0.2153450515625 0.6806180562499999 0.24791406249999998 0.6597777781249999 0.1997122390625 0.66846006875 0.24791406249999998 0.46526562499999996 0.26875911406249997 0.40621875 0.22707031249999998 0.404626984375 0.2312486953125 0.4426892359375 0.26094140625 0.16828993125 0.2804830734375 0.17144097187500001 0.5146484375 0.1839201390625 0.3026302078125 0.9982638890625 0.23879557343750002 0.9982638890625 0.21925390625
9 0.539784721875 0.40035286406250004 0.5361614578125 0.5086875 0.54207118125 0.51240625 0.54893055625 0.3986380203125 0.539784721875 0.40035286406250004