10 0 0.6904765625 0.2748020828125 0.5909869796875 0.3005954859375 0.52846875 0.28869097187500004 0.4644609375 0.7053576390625 0.39449999999999996 0.7986111109375 0.3364466140625 0.8363090281250001 0.34984375 0.9017864578125 0.30072265625 0.9037690968750001 0.2769049484375 0.9136909718749999 0.30072265625 0.9613090281250001 0.2992330734375 0.9751979171875 0.2649973953125 0.9970243062499999 0.2769049484375 0.9970243062499999 0.20694401093749998 0.9434531249999999 0.19205859375 0.838293403125 0.20098958281249998 0.8303576390625 0.2635091140625 0.4791666671875 0.3230494796875 0 0.3334700515625 0 0.6904765625
7 0 0.7725885421875 0.002480903125 0.7555807296875 0.9982638890625 0.44362239531250003 0.99503993125 0.4093854171875 0 0.7070937500000001 0 0.7725885421875
10 0.60478993125 0.48559374999999994 0.588534721875 0.4691575515625 0.585 0.41242447968749996 0.61397743125 0.43575390625 0.6662760421875 0.42674088593750004 0.6740486109375 0.41030468750000004 0.707265625 0.41189453125000003 0.71928125 0.4193177078125 0.78359375 0.40659244843750003 0.7963142359375001 0.38220312500000003 0.8040885421875 0.37796093750000004 0.7956076390625 0.3387252609375 0.7044392359375 0.3933372390625 0.4973645828125 0.42616145781250003 0.5136197921875 0.49301692656249996 0.541890625 0.49142578124999997 0.54825 0.5020299484375 0.60478993125 0.48559374999999994
7 0.6035520828125 0.48453385468750004 0.5441874999999999 0.4988489578125 0.53994618125 0.49089583281250004 0.5109704859375 0.49142578124999997 0.5067291671875 0.47976171875 0.29753645781250004 0.5105143234375 0.3017760421875 0.5296015625 0.29417881874999996 0.5454231765625 0.9982638890625 0.41507552031249995 0.9982638890625 0.3975794265625 0.588003471875 0.4659765625 0.6035520828125 0.48453385468750004
7 0.49966145781250004 0.4543111984375 0.2932951390625 0.49175520781250004 0.30036284687500003 0.5136953125 0.5081423609375 0.4802916671875 0.49966145781250004 0.4543111984375
7 0.9982638890625 0.35993359375 0.7858906250000001 0.3949283859375 0.78730381875 0.4076536453125 0.5883576390624999 0.43676302031249997 0.586590278125 0.4659765625 0.9982638890625 0.3774309890625 0.9982638890625 0.35993359375
2 0 0.6888932296875 0.0026510421875 0.7044388015624999 0.9982638890625 0.41477473906249995 0.293065971875 0.5446757812499999 0.264796875 0.5860325515625 0 0.6888932296875
2 0.5883576390624999 0.46194010468749996 0.9982638890625 0.4004817703125 0.9964982640625 0.3755611984375 0.5883576390624999 0.46194010468749996
2 0.29771180625000004 0.49241796875 0.5001927078125 0.45827473906250005 0.4867638890625 0.4471393234375 0.2945329859375 0.4773619796875 0.29771180625000004 0.49241796875
7 0.2756267359375 0.4539895828125 0.296121528125 0.478421875 0.5017829859375 0.44501953125 0.496128471875 0.42699218749999995 0.2756267359375 0.4539895828125
3 0.79596180625 0.3811067703125 0.9980885421875 0.35916015625000003 0.9966736109375001 0.34325390625 0.8009079859374999 0.3517369796875 0.79596180625 0.3811067703125
5 0.9982638890625 0.2822799484375 0.99455381875 0.2854609375 0.993140625 0.2616015625 0.9790052078124999 0.2589505203125 0.9669913187500001 0.28917187499999997 0.97335243125 0.2907630203125 0.9698177078124999 0.31091015624999996 0.983953125 0.3098502609375 0.983953125 0.3178033859375 0.992434028125 0.3199244796875 0.9805954859374999 0.3459908859375 0.9938472218750001 0.34484375 0.9982638890625 0.33105859375 0.9982638890625 0.2822799484375
5 0.12067534687499999 0.2976549484375 0.1235017359375 0.28333984375 0.1136076390625 0.27114453125 0.0952326390625 0.2706145828125 0.070496528125 0.3077291671875 0.05989583281250001 0.2976549484375 0.0683767359375 0.28917187499999997 0.0507083328125 0.27697786406249997 0.030213542187499998 0.2997760421875 0.047704860937499996 0.335390625 0.1411701390625 0.3363606765625 0.13693055625 0.3140924484375 0.12067534687499999 0.2976549484375
5 0.5079670140625 0.3188268234375 0.5424201390625 0.31886328124999996 0.537472221875 0.2785677078125 0.5141510421875 0.27909765625 0.5079670140625 0.3188268234375
3 0.73253125 0.08455859375 0.7208697921875 0.2790729171875 0.731824653125 0.27702473906249997 0.741012153125 0.0946328125 0.73253125 0.08455859375
3 0.5975451390625001 0.10046484375 0.5975451390625001 0.0909205734375 0.56574131875 0.09622265625000001 0.567862846875 0.0718333328125 0.55372743125 0.0681223953125 0.554434028125 0.10311588593750001 0.528284721875 0.10470703125 0.526871528125 0.11319010468749999 0.5509010421875 0.1078880203125 0.549487846875 0.310875 0.5692760421874999 0.3088372390625 0.565034721875 0.10470703125 0.5975451390625001 0.10046484375
3 0.26219965312500004 0.21021874999999998 0.22050173593750003 0.18052604218749999 0.20000694375 0.18158723906250002 0.20000694375 0.1943125 0.2099010421875 0.1943125 0.2099010421875 0.1868893234375 0.2572517359375 0.21605078125000002 0.26325868125 0.3122005203125 0.278453125 0.313609375 0.2671458328125 0.1794661453125 0.25301215312499997 0.17999609375 0.26219965312500004 0.21021874999999998
4 0 0.9340299484375001 0.9958663187499999 0.49239192656249997 0.9982638890625 0.4422708328125 0 0.7566080734375 0 0.9340299484375001
0 0.3005954859375 0.5612161453125 0.286706596875 0.44362239531250003 0.01091319375 0.5195377609375 0.008928818750000001 0.6802994796874999 0.18948437499999998 0.6207578125000001 0.3005954859375 0.5612161453125