10 0 0.39121875 0.0241423609375 0.3860078125 0.02761631875 0.3638606765625 0.09361111093749999 0.3586497390625 0.10055729218750001 0.3964296875 0.22212673593750001 0.3899166671875 0.26380902812499996 0.41857682343749997 0.3940607640625 0.40424609375 0.40100868125 0.3716770828125 0.418375 0.35343880156249996 0.44789930624999996 0.38079687500000003 0.52952430625 0.38079687500000003 0.5677326390624999 0.3742825515625 0.618097221875 0.3742825515625 0.6458836812500001 0.3469244796875 0.6597777781249999 0.3169609375 0.664987846875 0.2830885421875 0.6406736109375 0.2622447921875 0.6701979171875 0.2518229171875 0.7917673609375 0.26094140625 0.8733923609375 0.23228125 0.9550173609374999 0.20231770781249997 0.986277778125 0.1788671875 0.974121528125 0.17365625 0.8490781249999999 0.1749596359375 0.671934028125 0.184078125 0.397534721875 0.2010143234375 0.1266076390625 0.2231614578125 0 0.2414010421875 0 0.2583359375 0 0.39121875
5 0.8577621531249999 0.21925390625 0.8560260421875 0.26745572968750003 0.8386579859375001 0.30914453124999997 0.8577621531249999 0.3169609375 0.87686631875 0.2622447921875 0.89075868125 0.24791406249999998 0.87686631875 0.301328125 0.875128471875 0.3169609375 0.89075868125 0.3052356765625 0.9081267359374999 0.2726666671875 0.918546875 0.22967578125000002 0.918546875 0.19710677031249998 0.932440971875 0.1801705734375 0.9498072921875 0.1892903640625 0.939387153125 0.1515091140625 0.9098628468750001 0.1345729171875 0.87686631875 0.1567200515625 0.8577621531249999 0.1801705734375 0.8490781249999999 0.2088307296875 0.8577621531249999 0.21925390625
5 0.26456944375 0.1899361984375 0.2593576390625 0.17918489531249998 0.24306944375 0.1757630203125 0.246328125 0.1816276046875 0.2391614578125 0.18895833281250002 0.24046354218750002 0.2124153640625 0.2736892359375 0.2104609375 0.27303819375 0.2016640625 0.26456944375 0.1899361984375
5 0.16424305625 0.18749218750000002 0.155121528125 0.18944661406250002 0.14925868125 0.1962890625 0.1546701390625 0.2174752609375 0.16424305625 0.22218880156249998 0.16619618125 0.2089947921875 0.16424305625 0.18749218750000002
5 0.121246528125 0.1904244796875 0.114730903125 0.17967317656249998 0.10951909687500001 0.1850481765625 0.10691319375 0.20410807343749998 0.1140798609375 0.1992213546875 0.1127760421875 0.2089947921875 0.12385069374999999 0.21779166718749998 0.124503471875 0.20508463593749998 0.121246528125 0.1904244796875
3 0.6710763890625 0.28517317656249996 0.6688611109375 0.28351171875 0.6611076390624999 0.32422265625 0.9982638890625 0.30179036406250004 0.9982638890625 0.27021875 0.6710763890625 0.28517317656249996
7 0 0.4139505203125 0.0032170140625 0.4455221359375 0.9982638890625 0.3125911453125 0.9944826390625 0.30179036406250004 0 0.4139505203125
7 0.004324653124999999 0.46733072968749995 0.004324653124999999 0.47563932343750004 0.0032170140625 0.4681614578125 0 0.5063789062499999 0.99780555625 0.32110546875 0.9944826390625 0.3086432296875 0.004324653124999999 0.46733072968749995
7 0.0027673609375000003 0.5243880203125 0.002109375 0.5778294265625 0.9982638890625 0.3925572921875 0.9982638890625 0.3709557296875 0.0027673609375000003 0.5243880203125
7 0 0.6635807296875 0.0032170140625 0.7477434890625 0.993375 0.42621614531249996 0.995590278125 0.39713671875 0 0.6635807296875
4 0 0.8125481765625 0.0663489578125 0.8997838546875 0.9982638890625 0.49434374999999997 0.9966979171875 0.4237239578125 0 0.759375 0 0.8125481765625
2 0 0.6588463546875001 0.94131944375 0.40710677031250003 0.0010017359375 0.5782565109375 0 0.5765950515625 0 0.6588463546875001
2 0.004324653124999999 0.5200989578125 0.9944826390625 0.3672278640625 0.9944826390625 0.3217407375 0.0054322921875 0.5076367187499999 0.004324653124999999 0.5200989578125
9 0.565684028125 0 0.5571423609374999 0.18359765625 0.5815451390625 0.1826822921875 0.58886631875 0.0023671875 0.565684028125 0
9 0.784097221875 0.0014518234374999999 0.762355903125 0.17278776093749998 0.7828767359375 0.1762747390625 0.7987395828125 0.00602734375 0.784097221875 0.0014518234374999999
9 0.27161805625 0.0527083328125 0.27749652812500003 0.1910846359375 0.28748090312499996 0.1945807296875 0.280159721875 0.0536236984375 0.27161805625 0.0527083328125
0 0.399019096875 0.40226171875 0.39672743125 0.358421875 0.4299548609375 0.358421875 0.45057986093749997 0.3910872390625 0.648800346875 0.3652994796875 0.6648420140625 0.31028515625 0.6430711812500001 0.2724622390625 0.628175346875 0.2630078125 0.242046875 0.3532643234375 0.2033767359375 0.34824609375 0.2225677078125 0.3850703125 0.2695451390625 0.4082786453125 0.3256892359375 0.42375130156249996 0.399019096875 0.40226171875