7 0.3376144234375 0.703035896875 0.113190384375 0.7811769234375 0 0.8125679484375 0.0021721156249999997 0.838903846875 0.338596153125 0.711214103125 0.3376144234375 0.703035896875
7 0.00086923125 0.9072679484374999 0.001303846875 0.9536166671874999 0.408878846875 0.7224538468749999 0.40366442343750003 0.712605128125 0.00086923125 0.9072679484374999
2 0.0021721156249999997 0.8406423078125 0 0.9061089750000001 0.37672500000000003 0.7230333328125 0.33805288437500003 0.7149230765625 0.0021721156249999997 0.8406423078125
4 0.0017211234375 0.9563600484375 0 0.9987179484375 0.107759615625 0.9982269234375 0.43147403906250004 0.7514217953125 0.408009615625 0.72593076875 0.003041346875 0.955353846875 0.0017211234375 0.9563600484375
9 0.36720673125 0.355034615625 0.3656394234375 0.3523179484375 0.29464326875 0.45408461562499997 0.29229230781250004 0.453875640625 0.29605384687499997 0.3470935890625 0.289941346875 0.346884615625 0.2880605765625 0.3746769234375 0.252483653125 0.35085512812499997 0.2886875 0.353153846875 0.28853076875 0.35001923125 0.2355576921875 0.3462576921875 0.2364980765625 0.35001923125 0.24574519218750002 0.35001923125 0.27865673125 0.37405 0.246372115625 0.3734230765625 0.2459019234375 0.3773935890625 0.2886875 0.3773935890625 0.283515384375 0.474353846875 0.290725 0.4789512828125 0.29229230781250004 0.4568012828125 0.29605384687499997 0.4563833328125 0.36720673125 0.355034615625
7 0.129441346875 0.6958782046875001 0.1276298078125 0.6824166671875 0.031583653125 0.6927717953125 0.0318423078125 0.6931166671875 0.028735576562499997 0.70933974375 0.129441346875 0.6958782046875001
7 0.29926923125 0.660324359375 0.154552884375 0.678964103125 0.15274134687500002 0.6910461531250001 0.29926923125 0.6665384609375 0.29926923125 0.660324359375
7 0.3577769234375 0.6537666671875 0.317908653125 0.6585987171875 0.315578846875 0.6658474359375 0.35570576875 0.6589435890625001 0.3577769234375 0.6537666671875
10 0.011546153125 0.5958576921875001 0.0012826921874999999 0.615244871875 0.013684615624999999 0.6226576921875 0.022135576562500002 0.6764858968749999 0.02968173125 0.6862115390625 0.0389894234375 0.6852064109375 0.05408173125 0.6687717953125001 0.210290384375 0.6597884609375 0.21241153906250002 0.66418974375 0.21665576875 0.668275640625 0.2239634609375 0.66858974375 0.2277355765625 0.6651320515625 0.2310365390625 0.6591602562500001 0.23386538437499998 0.66356025625 0.23928750000000001 0.6657615390625 0.24447403906249998 0.6638756406249999 0.24683173125 0.65696025625 0.2979894234375 0.6516166671875 0.2968105765625 0.640614103125 0.2996394234375 0.6113807687499999 0.3027048078125 0.6110666671875 0.30411923125 0.607294871875 0.3043548078125 0.5969217953125 0.31048461562499996 0.5959794875 0.30879807656249997 0.5889923078125 0.29489903906250003 0.5825474359375 0.2912730765625 0.5390371796875 0.29550384687500003 0.5285628203125 0.29550384687500003 0.505196153125 0.29489903906250003 0.48182948750000004 0.28523076875000003 0.483441025 0.274352884375 0.47054999999999997 0.2405125 0.45201794843750004 0.1885423078125 0.43268076874999994 0.1021269234375 0.3859474359375 0.0954798078125 0.37144358906249997 0.0006038468750000001 0.3206833328125 0 0.5770423078125 0.008125 0.5798923078125 0.011546153125 0.5958576921875001
7 0.31713173125 0.651694871875 0.31687307656249997 0.6575628203125 0.35829423125000004 0.6527307687499999 0.3593298078125 0.6489333328125 0.31713173125 0.651694871875
5 0 0.7138307687500001 0.00275576875 0.752875640625 0.0051673078125 0.7712487171875 0.0024115390625 0.802484615625 0.0120576921875 0.797891025 0.01378076875 0.7854884609375 0.015847115624999998 0.7565500000000001 0.01378076875 0.7423102562499999 0.01378076875 0.7230166671875 0.0179144234375 0.7193423078125 0.024116346875 0.717046153125 0.0248048078125 0.7074 0.0220490390625 0.6940782046875 0.019981731250000002 0.6780012828124999 0.018603846875 0.653196153125 0.01378076875 0.6247166671875 0.00034423125 0.6159884609375 0.00275576875 0.6100166671875 0.006546153125 0.5999115390624999 0.0103355765625 0.5943987171875 0.006890384375 0.58613076875 0.0006894234375 0.5778628203125 0 0.6247166671875 0 0.7138307687500001
5 0.237353846875 0.5173576921875 0.2409826921875 0.5159230765625 0.23829423125 0.5205833328125 0.23681634687500003 0.5272128203124999 0.237891346875 0.5374282046875 0.23883173124999998 0.5508679484375001 0.237891346875 0.5754192312499999 0.24272980781250003 0.57738974375 0.248375 0.57738974375 0.2521375 0.5499717953125 0.255766346875 0.5204038468750001 0.2567076921875 0.5218371796875 0.2591269234375 0.5191487171875 0.25617019218750003 0.5051717953125 0.251465384375 0.5028423078125 0.2523394234375 0.5003333328124999 0.250927884375 0.493165384375 0.24703076875000002 0.4933435890625 0.245283653125 0.5003333328124999 0.23963846093750002 0.5017666671875001 0.2380259609375 0.506964103125 0.23627788437500002 0.51466923125 0.237353846875 0.5173576921875
5 0.29904423125 0.61556025625 0.2993125 0.6302551281250001 0.298909615625 0.6390358968750001 0.3020009609375 0.6410064109375 0.30186634687499997 0.666453846875 0.314365384375 0.666274359375 0.315575 0.65856923125 0.316784615625 0.6401115390625 0.3177259609375 0.62685 0.3210855765625 0.6316884609375 0.3216230765625 0.6318679484375 0.3208173078125 0.6386769234375 0.32256442343749997 0.6406487171874999 0.3235048078125 0.6372435890625 0.3217576921875 0.6275666671875 0.3182634609375 0.6128717953125 0.315978846875 0.6089294875 0.31154326875 0.607855128125 0.31154326875 0.6048076921875001 0.311275 0.600685896875 0.30939326875 0.596385896875 0.3058980765625 0.5958474359375 0.3044201921875 0.5987153843749999 0.3042855765625 0.60445 0.30562980781250004 0.6092884609375 0.3042855765625 0.6109012828125 0.301059615625 0.6114384609375 0.29904423125 0.61556025625
5 0.57086923125 0.661524359375 0.568327884375 0.73336923125 0.5673105765625001 0.7584487171875 0.5581605765625001 0.7848820515625 0.553077884375 0.7943705125 0.5373192312499999 0.8221602562499999 0.5347769234374999 0.8397833328125 0.5434192312499999 0.8567282046875 0.55561923125 0.8580833328124999 0.556127884375 0.8458833328124999 0.56934423125 0.8194487171875 0.5764615390625 0.8248717953125 0.5469769234374999 0.915696153125 0.5444355765625 0.9353512828125 0.5657855765625001 0.99703076875 0.6420375 0.9963525640625001 0.6511875 0.8519833328124999 0.6674548078125 0.8214820515625 0.6862634609375 0.8092820515625 0.6872798078125 0.7801371796875001 0.6842298078125 0.72693076875 0.683722115625 0.6866025640625 0.680671153125 0.654746153125 0.6766048078125 0.6296679484375 0.6710134609375 0.609334615625 0.6638961531249999 0.5917115390625 0.6542375 0.5768 0.645596153125 0.5673115390625 0.637971153125 0.5524 0.6405125 0.5408769234374999 0.6457230765624999 0.5334217953125 0.6435625 0.5191884609375 0.644071153125 0.4968205125 0.641528846875 0.4825871796875 0.6318701921875001 0.4730987171875 0.6166201921875001 0.464964103125 0.5967951921875 0.4785205125 0.586627884375 0.50021025625 0.591202884375 0.5103769234375 0.589677884375 0.5361320515625 0.5952701921875 0.5679884609375 0.5937451921875 0.5869666671875 0.583577884375 0.6147564109375 0.57086923125 0.661524359375
5 0.9726855765625 0.6814141031250001 0.9710836531249999 0.6957564109375001 0.9706259609375 0.7143705125 0.9722278843750001 0.719558975 0.9763480765624999 0.72016923125 0.977721153125 0.7421397437499999 0.99236826875 0.74091923125 0.9990384609375 0.740308975 0.9990384609375 0.681108975 0.9967173078125 0.6774474359375 0.9916817312499999 0.6756166671875 0.98939326875 0.6716487171875001 0.9916817312499999 0.6673769234375 0.9909951921875001 0.6597487171875 0.9852740390625 0.6576115390624999 0.9804673078125001 0.6603589750000001 0.981153846875 0.6679871796875 0.981153846875 0.674091025 0.981840384375 0.6750064109375 0.97680576875 0.6786679484375 0.9726855765625 0.6814141031250001
10 0.37413076875 0.6381179484375 0.3730644234375 0.6494871796874999 0.3618730765625 0.65161923125 0.35974134687500003 0.6644102562499999 0.3464173078125 0.6651205124999999 0.342153846875 0.6786217953125 0.3416201921875 0.71273076875 0.3863884609375 0.716994871875 0.406640384375 0.705625640625 0.428491346875 0.7049141031249999 0.4466115390625 0.7084679484375 0.45034230781250006 0.683596153125 0.457803846875 0.676491025 0.4711269234375 0.681465384375 0.5036375 0.7340487171875 0.5281528843750001 0.7376025640625 0.5590644234375 0.6963871796875 0.5670586531249999 0.68786025625 0.5798490390625 0.6239064109375 0.5931730765625 0.586244871875 0.589975 0.5407666671875 0.589975 0.5151846156250001 0.5846451921875 0.5009730765625 0.588909615625 0.491024359375 0.5974365390624999 0.47681153906249996 0.61715576875 0.4640217953125 0.6411384609375 0.47396923125 0.6464673078125001 0.504525640625 0.6486 0.53295 0.6432701921875 0.5421871796875 0.6411384609375 0.5556884609375 0.651797115625 0.5684794875 0.67418076875 0.6068512828125 0.683241346875 0.6722269234375 0.6875048078125 0.7205474359374999 0.8266048078124999 0.716284615625 0.8569826921875 0.7105987171875 0.8559173078125 0.6843076921875 0.7781067312500001 0.6658320515625 0.7509259609375001 0.6388282046875 0.7285423078125 0.604008975 0.7301403843750001 0.5812705125 0.759452884375 0.49244487187499997 0.7855673078125001 0.408594871875 0.78983076875 0.40504102499999994 0.7919625 0.3467730765625 0.798358653125 0.34321923125 0.800490384375 0.3247435890625 0.790897115625 0.32190128281249997 0.7477278843749999 0.27713333281249997 0.7333384609375 0.2615 0.6970980765625 0.24657820468749997 0.655527884375 0.23733974375 0.6064961531249999 0.2330769234375 0.5905076921875 0.2337871796875 0.577184615625 0.23165512812500003 0.5361471156250001 0.26789615312500004 0.3485490390625 0.43986153906250003 0.343752884375 0.6303012828125001 0.36666923125 0.6310128203125001 0.37413076875 0.6381179484375
0 0.91206826875 0.9052397437499999 0.9990384609375 0.8831576921875 0.9990384609375 0.7747217953125001 0.8547134609375 0.8023230765625 0.8396355765625 0.78733974375 0.822783653125 0.7920717953125 0.8482086531249999 0.8768487171875 0.843478846875 0.879608975 0.8529394234375 0.9067474359375 0.8801384609375 0.8985358968750001 0.9031990390625 0.942305128125 0.91798173125 0.9273205125 0.91206826875 0.9052397437499999